# Synthetic Temporal Directed Graph
# Generated from: /Users/mehdi/Desktop/Network_Analysis/TSD/data/munich_edges.txt
# source = 78478
# target = 78987
# deadline = 25
# deadline_note = paper_deadline: L0=3, mult=3, cap_T=50, min_frac=0.5
# max_timestamp = 50
# T (horizon) = 50
# phase1_paths_extracted = 4
# phase1_aligned_runs_range = (4, 8)
# phase1_step = 2
# phase2_noise_k_range = (2, 5)
# u v t
73571 73510 1
73642 971198 1
73667 73682 1
73816 282578 1
73841 73816 1
73935 73876 1
74055 73972 1
74232 73962 1
74451 73972 1
74509 74450 1
74713 74677 1
74756 74918 1
74885 74824 1
74925 75006 1
74928 74809 1
74928 75109 1
74946 74997 1
74970 74918 1
74997 75006 1
75109 74928 1
75279 75155 1
75462 75880 1
75467 282581 1
75579 75254 1
75627 75497 1
75631 112635 1
75659 1000010 1
75794 113677 1
75880 75766 1
75990 76158 1
75996 75937 1
76102 76112 1
76138 76179 1
76150 76072 1
76153 76085 1
76220 76238 1
76244 76112 1
76244 76142 1
76299 76409 1
76300 76229 1
76320 76329 1
76354 76150 1
76409 76546 1
76496 76533 1
76550 76329 1
76600 76705 1
76604 76587 1
76604 76609 1
76609 76604 1
76704 76894 1
76724 76731 1
76735 76753 1
76757 1000001 1
76811 76732 1
76814 76812 1
76844 2146237800 1
76926 76935 1
76929 76916 1
76946 2146237900 1
76949 77039 1
76954 76946 1
76963 76872 1
77022 77110 1
77036 77039 1
77076 76963 1
77076 2146237908 1
77079 2146237802 1
77223 77227 1
77227 77104 1
77229 77110 1
77229 77223 1
77250 280907 1
77303 2146237932 1
77401 77311 1
77424 77493 1
77450 77433 1
77450 77469 1
77469 77450 1
77485 77227 1
77489 77548 1
77520 77434 1
77548 2146237811 1
77577 77485 1
77579 77624 1
77604 2146237809 1
77614 77910 1
77624 77669 1
77639 77688 1
77669 77624 1
77700 77887 1
77800 2146237805 1
77809 77821 1
77815 2146237821 1
77821 77841 1
77870 77871 1
77873 77481 1
77887 77758 1
77910 77897 1
77931 77678 1
77931 77933 1
77998 78066 1
78031 77978 1
78102 1000031 1
78204 78205 1
78478 78703 1
78598 78601 1
78678 1000018 1
78925 78922 1
78929 78911 1
78929 78925 1
78994 79188 1
79106 114119 1
79203 2146237819 1
79204 1000032 1
79617 79750 1
79649 79460 1
79649 79746 1
79746 79649 1
80175 1000035 1
80332 282612 1
80605 282621 1
80833 80838 1
112692 80536 1
113707 112635 1
113749 113751 1
114068 79043 1
114070 114069 1
114092 80760 1
118611 73490 1
282610 282611 1
282617 80332 1
971123 75797 1
971157 78898 1
1000012 75837 1
1000023 75536 1
2146236900 77406 1
2146237646 76192 1
2146237807 76316 1
2146237819 79203 1
2146237900 2146237801 1
2146237911 76767 1
2146237920 79574 1
73510 74096 2
73760 73682 2
73841 1000017 2
73876 73935 2
73934 73751 2
73961 114106 2
74096 73510 2
74450 74232 2
74946 74997 2
74997 75109 2
74997 75318 2
75006 74997 2
75073 74984 2
75254 75579 2
75614 75636 2
75778 75674 2
75835 75840 2
76104 76112 2
76144 76150 2
76187 76158 2
76299 76541 2
76350 76300 2
76409 76350 2
76442 76428 2
76442 76599 2
76490 76230 2
76496 76462 2
76554 76448 2
76555 76531 2
76567 76557 2
76579 76617 2
76587 76604 2
76655 76652 2
76693 76617 2
76704 76735 2
76732 76541 2
76766 76731 2
76840 2146237806 2
76844 2146237808 2
76844 2146237932 2
76872 76787 2
76872 76963 2
76894 76885 2
77111 77056 2
77189 1000015 2
77387 77405 2
77405 77387 2
77450 2146237812 2
77511 77692 2
77511 77700 2
77548 2146237811 2
77561 77823 2
77577 2146237930 2
77639 77398 2
77678 2146237821 2
77907 77935 2
77907 78098 2
77933 77931 2
77951 77872 2
78049 78038 2
78066 78336 2
78105 78246 2
78164 78158 2
78215 971069 2
78478 78703 2
78510 78673 2
78539 971068 2
78623 2146237822 2
78641 78771 2
78656 78673 2
78679 2146237837 2
78715 114117 2
78787 78750 2
78787 971158 2
78827 78851 2
78833 78845 2
78898 971157 2
78906 78969 2
79029 79043 2
79066 79203 2
79188 78994 2
79203 79079 2
79809 114428 2
79914 79983 2
79991 114430 2
112635 75631 2
113662 76898 2
113677 75064 2
113694 78618 2
113751 113750 2
114071 78977 2
114072 971157 2
114118 78715 2
114588 1000041 2
282617 80332 2
971157 114072 2
971172 971198 2
971200 74460 2
2146237032 971239 2
2146237252 77377 2
2146237366 77577 2
2146237366 77692 2
2146237467 1000044 2
2146237645 1000047 2
2146237646 76192 2
2146237800 76819 2
2146237800 2146237909 2
2146237928 1000048 2
73751 73806 3
73961 114106 3
73962 74232 3
74232 74055 3
74694 971197 3
74925 75006 3
74984 75073 3
75006 74925 3
75279 75462 3
75536 75533 3
75627 75766 3
75631 75659 3
75634 75627 3
75659 76103 3
75880 75462 3
75902 75880 3
75961 76047 3
75996 75937 3
76072 76047 3
76108 2146237913 3
76138 76108 3
76150 76354 3
76179 76138 3
76229 76300 3
76238 76220 3
76329 76316 3
76354 76448 3
76448 76354 3
76453 76462 3
76462 76496 3
76462 76801 3
76550 2146237800 3
76554 76142 3
76566 76712 3
76604 76587 3
76617 76579 3
76651 76599 3
76652 76651 3
76658 76791 3
76679 76634 3
76694 76693 3
76700 76795 3
76735 76767 3
76801 76921 3
76819 76804 3
76824 76885 3
76844 76838 3
76851 76862 3
76939 76938 3
76954 76946 3
76954 77079 3
76963 77076 3
76974 971122 3
76995 76929 3
77142 77007 3
77223 77229 3
77227 77223 3
77227 77485 3
77231 77229 3
77295 77434 3
77311 77401 3
77317 77342 3
77398 77311 3
77474 971175 3
77489 77469 3
77493 77424 3
77520 77434 3
77546 77809 3
77614 2146237821 3
77678 2146237821 3
77693 77725 3
77872 77951 3
77907 77935 3
77910 77897 3
77981 78019 3
78105 78031 3
78158 78105 3
78207 77872 3
78246 78049 3
78390 78233 3
78478 78703 3
78590 78598 3
78598 78590 3
78598 78601 3
78703 2146237917 3
78866 971066 3
78903 78750 3
78969 78906 3
79022 78856 3
79033 78743 3
79058 79022 3
79079 78974 3
79185 971169 3
79203 2146237819 3
79208 2146237919 3
79617 79574 3
80760 2146237467 3
113749 113750 3
114074 971067 3
114092 80760 3
114107 73978 3
114107 1000040 3
114427 114426 3
280907 77250 3
282361 79814 3
282575 74809 3
282581 75467 3
282586 76048 3
282611 80020 3
282618 112692 3
282621 80605 3
971068 78539 3
971112 77583 3
971122 76974 3
971122 77474 3
971197 971171 3
1000004 74861 3
1000011 75631 3
1000022 78360 3
1000033 80264 3
1000040 114107 3
2146237375 78233 3
2146237646 76192 3
2146237646 76260 3
2146237913 76108 3
2146237920 79574 3
2146237929 76600 3
74460 971200 4
74756 74055 4
74824 74760 4
74997 75109 4
75177 1000024 4
75318 75279 4
75627 75634 4
75631 75659 4
75634 75627 4
75634 75988 4
75659 75631 4
75775 282581 4
75794 75778 4
75837 1000012 4
75880 75902 4
76103 76108 4
76108 76453 4
76150 76144 4
76153 2146237807 4
76184 76112 4
76350 76300 4
76574 76587 4
76587 76574 4
76604 76609 4
76617 76693 4
76634 76609 4
76687 76573 4
76704 76735 4
76753 76735 4
76874 76655 4
76879 76872 4
76898 76926 4
76925 77007 4
76935 76926 4
76950 76935 4
77104 77022 4
77110 77229 4
77174 77406 4
77250 77303 4
77401 77679 4
77405 77387 4
77424 77295 4
77458 77428 4
77511 77692 4
77559 77531 4
77678 77679 4
77725 77738 4
77823 77561 4
77877 77818 4
77910 77978 4
77933 78038 4
78047 78019 4
78102 78100 4
78246 78049 4
78261 78344 4
78336 78289 4
78467 77873 4
78478 78703 4
78487 78641 4
78510 78673 4
78588 78583 4
78599 78600 4
78618 78528 4
78621 78629 4
78678 1000018 4
78679 78723 4
78703 2146237917 4
78743 78618 4
78853 78629 4
78994 78969 4
79022 78856 4
79169 79203 4
79409 1000014 4
79460 79649 4
79673 114425 4
79750 2146237921 4
80332 80317 4
80838 80833 4
112692 80283 4
113662 76898 4
113707 112635 4
114048 78658 4
114069 114070 4
114109 114110 4
114111 75797 4
282569 282570 4
282637 79204 4
971108 971103 4
971123 75797 4
971158 78787 4
971198 971172 4
1000013 80760 4
1000023 75536 4
2146237363 76138 4
2146237366 77692 4
2146237802 77036 4
2146237808 76844 4
2146237822 78623 4
2146237837 78679 4
2146237908 77317 4
2146237909 2146237800 4
2146237911 77387 4
2146237912 75990 4
2146237929 76600 4
73841 971200 5
73961 73915 5
74096 74274 5
74521 74925 5
74915 74895 5
74918 74970 5
74984 74861 5
74997 74946 5
74997 75006 5
75318 74997 5
75462 74970 5
75462 75880 5
75614 75589 5
75636 75614 5
75659 75636 5
75797 114111 5
75835 112635 5
75902 76085 5
76104 76103 5
76104 76112 5
76112 76102 5
76112 76104 5
76138 76108 5
76153 76230 5
76192 2146237646 5
76244 76600 5
76300 76187 5
76329 76316 5
76350 76409 5
76409 76299 5
76513 76617 5
76550 76513 5
76655 76874 5
76658 76567 5
76673 76300 5
76679 76634 5
76687 76724 5
76705 76809 5
76757 1000001 5
76819 2146237800 5
76874 76949 5
76946 77022 5
77022 77110 5
77056 77108 5
77056 77111 5
77166 77182 5
77182 77448 5
77223 77110 5
77250 77469 5
77303 77317 5
77387 77405 5
77401 77311 5
77406 77174 5
77579 77604 5
77678 77931 5
77809 77872 5
77821 77787 5
77821 77809 5
77821 77841 5
77850 77998 5
77883 77688 5
77883 77931 5
77897 77910 5
77933 78038 5
77965 1000002 5
78019 77981 5
78019 78047 5
78066 78218 5
78070 77989 5
78158 78164 5
78373 78344 5
78429 78390 5
78478 78624 5
78528 78549 5
78539 78215 5
78590 78611 5
78601 78615 5
78623 78619 5
78641 78487 5
78673 78510 5
78679 78583 5
78683 78673 5
78703 2146237917 5
78715 114117 5
78827 78851 5
78856 79022 5
78922 2146237837 5
78994 78969 5
78994 79188 5
79033 1000007 5
79043 79029 5
79058 79022 5
79060 79049 5
79750 2146237921 5
79809 114429 5
80332 80317 5
80605 282621 5
80838 1000030 5
114107 1000040 5
114108 76260 5
114117 78715 5
114117 1000037 5
114118 78715 5
114427 114426 5
280907 77250 5
281914 73667 5
282611 282610 5
971107 114091 5
971171 114109 5
1000002 77965 5
1000007 79033 5
1000028 73469 5
1000034 75177 5
1000048 2146237928 5
2146237032 971239 5
2146237393 1000043 5
2146237645 1000047 5
2146237800 76844 5
2146237805 77692 5
2146237809 2146237810 5
2146237821 77614 5
2146237821 77678 5
2146237822 78207 5
2146237917 78987 5
2146237929 76600 5
73489 1000029 6
73571 971172 6
73607 113750 6
73642 971198 6
73652 73642 6
73682 73760 6
73816 73841 6
74232 73962 6
74451 73972 6
74809 74946 6
75131 75150 6
75279 75318 6
75634 75627 6
75778 75674 6
75929 76156 6
76092 76102 6
76138 76179 6
76229 76320 6
76238 76496 6
76243 76156 6
76260 114108 6
76496 76462 6
76533 76496 6
76541 76567 6
76599 76442 6
76655 76652 6
76693 2146237801 6
76766 76687 6
76791 76802 6
76838 2146237910 6
76844 2146237808 6
76874 76759 6
76879 76899 6
76924 76939 6
76929 76924 6
77079 2146237802 6
77104 77022 6
77166 77076 6
77223 77229 6
77231 280907 6
77317 77303 6
77317 77531 6
77387 2146237911 6
77401 77448 6
77405 77387 6
77477 77561 6
77485 77433 6
77520 77434 6
77546 77377 6
77561 77823 6
77604 77559 6
77614 2146237821 6
77679 77678 6
77700 77511 6
77700 77887 6
77742 77669 6
77758 77700 6
77758 77887 6
77850 77758 6
77870 77871 6
77872 77809 6
77887 77758 6
77907 77873 6
77981 78019 6
78066 77887 6
78072 78047 6
78187 77800 6
78233 78390 6
78289 77998 6
78478 78624 6
78510 78487 6
78588 78583 6
78599 78588 6
78600 78614 6
78619 78614 6
78641 78643 6
78703 2146237917 6
78845 78833 6
78911 1000026 6
78974 79079 6
79374 971195 6
79746 79649 6
80264 1000033 6
80317 971108 6
80536 282616 6
80827 80264 6
114106 73677 6
114426 114427 6
282575 282572 6
282612 282608 6
971111 76700 6
971175 114112 6
971197 971171 6
1000006 79079 6
1000034 75177 6
1000037 114117 6
1000038 114105 6
1000041 114588 6
1000043 2146237393 6
2146237363 76153 6
2146237802 76898 6
2146237803 77174 6
2146237805 77692 6
2146237808 76844 6
2146237815 77818 6
2146237900 76946 6
2146237908 77076 6
2146237910 76838 6
2146237912 75990 6
2146237917 78987 6
2146237919 79208 6
73841 73816 7
74096 73510 7
74521 74925 7
74677 74713 7
74895 74885 7
75177 1000024 7
75177 1000034 7
75318 74997 7
75318 75006 7
75614 75589 7
75627 75497 7
75631 1000011 7
75766 75627 7
75794 113677 7
75797 75962 7
75815 75961 7
75962 76124 7
76142 76244 7
76156 75929 7
76220 76238 7
76243 76156 7
76567 76557 7
76652 76655 7
76693 76694 7
76700 76795 7
76705 76950 7
76759 76554 7
76791 76802 7
76795 76700 7
76801 2146237806 7
76804 76819 7
76811 76824 7
76867 76872 7
76879 76899 7
76946 76954 7
76946 77022 7
76954 77079 7
76974 76955 7
76995 76929 7
77007 76925 7
77076 77166 7
77076 2146237910 7
77104 77227 7
77142 77295 7
77231 77111 7
77317 2146237908 7
77377 2146237252 7
77433 77229 7
77604 77579 7
77614 77520 7
77669 2146237812 7
77679 77688 7
77693 2146237915 7
77758 77700 7
77787 77821 7
77800 78187 7
77871 77870 7
77873 77907 7
77965 77956 7
77981 78019 7
78164 78158 7
78187 77800 7
78246 78105 7
78249 78204 7
78429 78390 7
78478 78624 7
78624 78692 7
78649 78643 7
78679 78723 7
78723 78679 7
78750 971067 7
78922 2146237837 7
78925 78929 7
78969 78994 7
79169 79058 7
79574 79617 7
79617 79574 7
79617 2146237919 7
79673 114425 7
79746 79814 7
79809 114429 7
80264 80827 7
113677 75177 7
113751 113749 7
114119 79106 7
114428 79809 7
114430 79991 7
282569 75497 7
282616 282620 7
971107 971104 7
971123 971196 7
971158 114073 7
971195 79374 7
1000006 79079 7
1000010 75659 7
1000021 79113 7
2146237358 77227 7
2146237800 2146237909 7
2146237802 77079 7
2146237802 77174 7
2146237807 76153 7
2146237808 76673 7
2146237812 77450 7
2146237917 78987 7
2146237920 2146237919 7
2146237930 2146237815 7
73766 73779 8
73841 971200 8
73935 73972 8
73972 74055 8
74450 74509 8
74460 74274 8
74460 74591 8
74509 74723 8
74915 74895 8
74997 75318 8
75177 113677 8
75467 282581 8
75533 75536 8
75634 75579 8
75794 75778 8
75880 75902 8
75902 76085 8
75961 76069 8
75988 76138 8
75990 76158 8
75996 76229 8
76085 75902 8
76102 76112 8
76112 76244 8
76124 76481 8
76150 76354 8
76158 76187 8
76184 76112 8
76187 76158 8
76243 75990 8
76299 76243 8
76555 76573 8
76557 76567 8
76567 76658 8
76579 76260 8
76600 76705 8
76651 76652 8
76652 76655 8
76687 76766 8
76767 76735 8
76800 76795 8
76838 76844 8
76921 113662 8
76924 76929 8
76950 76949 8
76955 76800 8
77007 76925 8
77056 76814 8
77079 76954 8
77182 77311 8
77223 77227 8
77223 77229 8
77231 77229 8
77398 77311 8
77398 77401 8
77481 77142 8
77481 77458 8
77485 77227 8
77489 77548 8
77511 2146237358 8
77546 77809 8
77577 2146237366 8
77579 77604 8
77583 114112 8
77639 77688 8
77679 77688 8
77742 77870 8
77818 77877 8
77883 77931 8
77907 77935 8
77930 77815 8
77933 77930 8
77965 1000002 8
77998 78066 8
78105 78246 8
78204 78038 8
78217 78187 8
78218 77841 8
78261 78246 8
78390 78233 8
78478 78300 8
78478 78624 8
78583 78388 8
78598 78601 8
78600 78614 8
78611 78590 8
78618 78743 8
78621 78549 8
78624 78692 8
78750 78903 8
78851 78827 8
78853 78903 8
78886 78845 8
79029 114069 8
79033 1000007 8
79043 79106 8
79079 78974 8
79169 79058 8
79204 282637 8
79374 114119 8
79409 1000014 8
79617 79574 8
79617 79750 8
79914 79983 8
112662 78623 8
114074 971068 8
114120 1000039 8
282361 2146237393 8
282586 76048 8
282618 112692 8
971103 971108 8
971111 2146237032 8
971112 77583 8
971169 79185 8
971176 78886 8
971198 971172 8
1000000 75674 8
1000015 77189 8
1000043 2146237393 8
1000046 971170 8
2146237358 77227 8
2146237645 75634 8
2146237811 2146237812 8
2146237821 77614 8
2146237907 78478 8
2146237908 77317 8
2146237909 2146237800 8
2146237917 78987 8
2146237928 74918 8
73841 73904 9
74274 282571 9
74451 73972 9
74591 74677 9
74925 74521 9
74997 75006 9
75109 74997 9
75155 75073 9
75279 75155 9
75467 75064 9
75614 75589 9
75636 75614 9
75766 75880 9
75797 971123 9
75835 75961 9
75835 76076 9
75835 112635 9
75902 75880 9
75990 76243 9
76069 76142 9
76179 76138 9
76207 76184 9
76243 75990 9
76260 76579 9
76409 76299 9
76428 114588 9
76448 76651 9
76453 76108 9
76462 76496 9
76490 76513 9
76513 76694 9
76546 76566 9
76550 76329 9
76599 76354 9
76600 76705 9
76634 76679 9
76735 76767 9
76862 76851 9
76867 76872 9
76894 76925 9
76898 76809 9
76929 76916 9
76955 76974 9
77047 76995 9
77076 77166 9
77104 77079 9
77142 77007 9
77142 77295 9
77182 77448 9
77303 77250 9
77398 77401 9
77398 77639 9
77401 77398 9
77401 77448 9
77424 77493 9
77433 77450 9
77448 77182 9
77448 77401 9
77450 77433 9
77489 77303 9
77520 77434 9
77577 2146237366 9
77579 77548 9
77669 77742 9
77700 77758 9
77809 77546 9
77850 77800 9
77897 2146237375 9
78187 78217 9
78289 78217 9
78336 78289 9
78360 2146237901 9
78467 77873 9
78478 78300 9
78478 78624 9
78620 78623 9
78624 78692 9
78692 2146237906 9
78886 971176 9
78924 78992 9
79079 1000006 9
79204 282637 9
79460 79649 9
79617 79574 9
79750 79649 9
79809 114428 9
79814 79746 9
79914 79867 9
112635 113707 9
114048 78658 9
114071 78977 9
114073 971070 9
114091 971107 9
114092 80760 9
114120 1000039 9
282612 282608 9
971111 76700 9
971112 1000045 9
971122 76974 9
971169 79185 9
971174 114110 9
971176 79043 9
2146237366 77692 9
2146237812 77669 9
2146237815 77818 9
2146237837 78922 9
73510 73571 10
73571 281914 10
73677 114106 10
73751 73607 10
74677 74591 10
74723 74509 10
74756 74055 10
74918 2146237928 10
75064 75131 10
75131 75064 10
75156 75109 10
75156 2146237912 10
75254 75579 10
75318 75006 10
75318 75920 10
75462 74970 10
75536 75589 10
75536 1000023 10
75631 75659 10
75837 1000012 10
75840 75835 10
75920 75937 10
75961 76047 10
75961 76069 10
75988 76138 10
76047 75961 10
76048 282586 10
76092 76102 10
76103 76104 10
76329 76320 10
76462 76496 10
76513 76550 10
76531 76530 10
76555 76573 10
76566 76712 10
76567 76574 10
76599 76354 10
76604 76824 10
76651 76652 10
76694 76804 10
76712 76566 10
76712 76929 10
76766 76840 10
76844 76838 10
76926 76898 10
76929 76995 10
77007 77142 10
77039 2146237252 10
77079 76954 10
77079 77104 10
77108 2146237909 10
77174 77036 10
77424 77295 10
77434 77295 10
77489 77531 10
77546 77809 10
77624 77579 10
77669 2146237812 10
77700 77511 10
77725 77693 10
77823 77561 10
77841 77821 10
77871 77818 10
77910 77930 10
77930 78038 10
77933 77931 10
77965 77956 10
77981 77951 10
77998 77850 10
78072 78047 10
78102 1000031 10
78105 78031 10
78105 78158 10
78249 78246 10
78289 78217 10
78300 78461 10
78373 78344 10
78373 78390 10
78467 78539 10
78478 78300 10
78510 78487 10
78528 78618 10
78583 78679 10
78598 78590 10
78598 78601 10
78611 78620 10
78621 78549 10
78623 78620 10
78624 78692 10
78673 78510 10
78692 2146237906 10
78715 114117 10
78787 971158 10
78924 78856 10
78929 78911 10
78974 2146237907 10
79185 78987 10
79204 282637 10
79208 79047 10
80020 282611 10
80317 80283 10
80536 282616 10
112635 75631 10
113707 112635 10
113751 113750 10
114071 114070 10
114107 1000040 10
114109 971171 10
281935 282578 10
282608 282609 10
282620 80605 10
282620 282616 10
971070 114073 10
971111 76700 10
971239 971196 10
971239 2146237032 10
1000021 79113 10
1000044 2146237467 10
2146237800 76550 10
2146237800 76844 10
2146237809 77624 10
2146237822 2146237901 10
2146237900 2146237801 10
2146237908 77076 10
2146237911 77387 10
2146237912 75990 10
2146237928 1000048 10
73607 73751 11
73677 114105 11
73904 73841 11
73915 73961 11
73934 282571 11
73978 73961 11
73978 114107 11
74232 73962 11
74509 74723 11
74973 75037 11
75073 74918 11
75155 75279 11
75254 75579 11
75536 1000023 11
75579 75533 11
75929 75867 11
75929 76156 11
75937 75920 11
75961 76047 11
76069 76142 11
76207 76184 11
76238 76496 11
76314 114108 11
76329 76316 11
76329 76550 11
76350 76566 11
76442 76428 11
76481 76124 11
76513 76550 11
76554 76759 11
76555 76531 11
76557 76481 11
76566 76712 11
76579 76617 11
76609 76634 11
76732 76541 11
76801 76462 11
76801 76921 11
76814 76812 11
76840 76946 11
76844 2146237932 11
76867 76862 11
76894 76925 11
76921 76801 11
76938 76811 11
76946 76954 11
77056 76814 11
77056 77108 11
77229 77433 11
77387 2146237911 11
77448 77434 11
77474 971122 11
77520 77481 11
77559 77342 11
77577 2146237366 11
77688 77604 11
77693 77700 11
77787 77841 11
77850 77800 11
77850 78187 11
77871 77989 11
77883 2146237810 11
77910 77614 11
77930 78038 11
77935 77907 11
77998 77850 11
78300 78461 11
78373 78390 11
78388 78218 11
78478 78300 11
78549 78621 11
78583 78388 11
78583 78588 11
78583 78679 11
78599 78588 11
78611 78590 11
78624 78692 11
78629 78853 11
78692 2146237906 11
78743 78539 11
78787 78750 11
78992 79066 11
79029 114069 11
79033 1000007 11
79066 78974 11
79079 79203 11
79113 79078 11
79188 282637 11
79649 79750 11
80175 2146237393 11
80283 1000009 11
113694 78618 11
113749 113751 11
114068 79043 11
114091 80317 11
114105 73677 11
114111 971110 11
114425 79673 11
114426 79673 11
114428 79809 11
114429 79809 11
281929 73779 11
281935 73806 11
282570 75164 11
282571 74274 11
971067 114074 11
971172 971198 11
1000016 73904 11
1000036 113707 11
1000038 114105 11
1000042 282621 11
1000045 971112 11
2146237373 77398 11
2146237803 77174 11
2146237810 2146237809 11
2146237906 79358 11
2146237913 76108 11
73469 73571 12
73841 73904 12
73904 73841 12
73934 73751 12
73972 74055 12
73978 114107 12
74055 74232 12
74274 74096 12
74677 74591 12
74713 74760 12
74723 74756 12
74809 74928 12
74885 74824 12
74970 75462 12
75156 75109 12
75536 75589 12
75815 75961 12
76047 76072 12
76048 76199 12
76158 75990 12
76229 76320 12
76243 76156 12
76243 76299 12
76299 76243 12
76409 76546 12
76461 76460 12
76462 76801 12
76539 76727 12
76541 76546 12
76567 76658 12
76573 76555 12
76604 76587 12
76609 76634 12
76651 76599 12
76673 2146237808 12
76687 76579 12
76731 2146237801 12
76732 76541 12
76824 76604 12
76838 2146237910 12
76840 76766 12
76898 76809 12
76929 76995 12
76935 76950 12
76946 77022 12
76995 77047 12
77039 2146237252 12
77110 77022 12
77110 77229 12
77111 77231 12
77223 77229 12
77229 77433 12
77295 77434 12
77303 77489 12
77406 2146236900 12
77448 77182 12
77450 77469 12
77489 77469 12
77511 77692 12
77520 77614 12
77678 2146237821 12
77693 2146237915 12
77738 77787 12
77800 77850 12
77818 77871 12
77850 77758 12
77850 77998 12
77850 78187 12
77870 77742 12
77910 77978 12
77930 77910 12
78019 78047 12
78038 78049 12
78217 78289 12
78300 78461 12
78344 78261 12
78392 78205 12
78461 78634 12
78478 78300 12
78487 78641 12
78611 78620 12
78643 78641 12
78654 78649 12
78692 2146237906 12
78750 78787 12
78903 78853 12
79047 79208 12
79066 78992 12
79113 79078 12
79574 2146237921 12
79845 79881 12
80317 80332 12
80536 112692 12
114070 114071 12
114072 78977 12
114112 971175 12
114119 79374 12
114588 1000041 12
281929 113751 12
282571 74274 12
282587 76199 12
282608 282609 12
971068 78539 12
971103 971108 12
971107 971104 12
971110 75354 12
971170 74694 12
1000003 74232 12
1000029 73489 12
1000032 79204 12
1000038 114105 12
1000047 2146237645 12
2146237363 76138 12
2146237393 80175 12
2146237804 77377 12
2146237810 77883 12
2146237837 78679 12
2146237906 79358 12
2146237908 77317 12
73510 74096 13
73571 971172 13
73574 118611 13
73841 971200 13
73961 73978 13
74232 74450 13
74450 74232 13
74694 971173 13
74861 74984 13
74970 75462 13
75064 75467 13
75073 74984 13
75156 75109 13
75354 971174 13
75497 75627 13
75579 75254 13
75614 75589 13
75627 75634 13
75674 1000000 13
75815 75961 13
75937 75920 13
75961 75815 13
76048 282586 13
76069 75961 13
76108 76103 13
76112 76104 13
76142 76144 13
76316 76329 13
76329 76550 13
76428 114588 13
76442 76599 13
76460 76461 13
76496 76462 13
76541 76732 13
76550 2146237800 13
76566 76350 13
76567 76541 13
76573 76555 13
76573 76687 13
76579 76617 13
76604 76609 13
76694 76513 13
76694 76693 13
76704 76894 13
76705 76809 13
76731 2146237801 13
76735 76753 13
76753 76735 13
76802 76811 13
76814 76812 13
76814 77056 13
76819 76804 13
76872 76787 13
76872 76879 13
76874 76759 13
76925 76894 13
76925 77007 13
76939 76938 13
76963 76872 13
77036 2146237802 13
77039 76949 13
77223 77110 13
77229 77223 13
77311 77401 13
77377 77546 13
77405 77477 13
77406 77174 13
77433 77450 13
77469 77450 13
77477 77405 13
77481 77458 13
77520 77481 13
77561 77477 13
77561 77823 13
77738 77787 13
77820 77787 13
77841 77787 13
77841 78218 13
77873 77481 13
77873 77897 13
77985 77989 13
78038 78204 13
78072 78100 13
78105 78246 13
78204 78249 13
78246 78249 13
78249 78246 13
78300 78461 13
78461 78634 13
78478 78300 13
78599 78588 13
78601 78615 13
78678 78658 13
78678 1000018 13
78692 2146237906 13
78771 78641 13
78787 78750 13
78856 78924 13
78911 1000026 13
78925 78922 13
78969 78994 13
79203 79066 13
79208 2146237919 13
79358 79320 13
79574 2146237921 13
79750 2146237921 13
79983 79914 13
79991 79983 13
80264 80827 13
80332 282612 13
80605 282620 13
80833 80838 13
112635 75835 13
113751 281929 13
114074 971068 13
114120 971195 13
114428 79809 13
114588 76428 13
282361 79814 13
282609 282610 13
282618 112692 13
282620 282616 13
971067 78750 13
971068 114074 13
971070 114073 13
971110 114111 13
971111 76700 13
971170 1000046 13
1000008 79066 13
1000019 76974 13
1000026 78911 13
1000036 113707 13
1000037 114117 13
2146237366 77577 13
2146237645 75634 13
2146237808 76844 13
2146237809 77624 13
2146237906 79358 13
2146237909 77108 13
2146237913 75579 13
2146237921 79574 13
73469 73571 14
73490 1000005 14
73501 73489 14
73607 73751 14
73642 73652 14
73682 73760 14
73766 73779 14
73766 73876 14
73806 73751 14
73934 282571 14
73962 74232 14
73972 74451 14
73978 114107 14
74824 74760 14
75006 74997 14
75064 113677 14
75164 74984 14
75254 75579 14
75536 1000023 14
75579 2146237913 14
75634 75627 14
75659 75636 14
75794 113677 14
75815 1000025 14
75835 112635 14
75880 75902 14
75996 76229 14
76103 75659 14
76108 76138 14
76112 76244 14
76124 75962 14
76158 76187 14
76179 76192 14
76199 76048 14
76229 75996 14
76350 76409 14
76432 76531 14
76448 76554 14
76461 76460 14
76481 76557 14
76496 76533 14
76531 76432 14
76533 76496 14
76574 76587 14
76599 76442 14
76651 76448 14
76651 76652 14
76687 76724 14
76694 76804 14
76731 76766 14
76787 76872 14
76809 76727 14
76824 76604 14
76824 76811 14
76838 76851 14
76954 76946 14
76974 1000019 14
77036 77174 14
77056 77108 14
77079 2146237802 14
77108 2146237909 14
77250 280907 14
77303 77489 14
77342 77559 14
77377 77546 14
77377 2146237252 14
77377 2146237915 14
77474 971175 14
77481 77520 14
77604 77559 14
77604 77688 14
77688 77883 14
77870 77742 14
77873 77897 14
77907 77935 14
77931 77933 14
78105 78246 14
78158 78164 14
78289 78217 14
78300 78461 14
78461 78634 14
78478 2146237907 14
78487 78510 14
78500 78583 14
78601 78598 14
78634 78844 14
78678 1000018 14
78743 78618 14
78856 78924 14
79058 79169 14
79078 79113 14
79169 79203 14
79358 79320 14
79750 79617 14
79809 114428 14
79983 79914 14
79983 79991 14
80838 80833 14
114070 114071 14
114106 73961 14
114109 971171 14
114112 971175 14
281914 73571 14
282570 75164 14
282578 73816 14
282587 76199 14
282612 80332 14
282616 282620 14
971066 78866 14
971110 75354 14
971112 1000045 14
971200 73841 14
1000032 79204 14
2146237375 78233 14
2146237393 1000043 14
2146237801 76693 14
2146237806 76801 14
2146237821 77815 14
2146237906 79358 14
2146237915 77693 14
2146237928 74918 14
2146237929 76496 14
2146237931 78633 14
73510 73501 15
73904 73841 15
73915 73961 15
74460 74591 15
74509 74450 15
74591 74677 15
74756 74055 15
74895 74915 15
75006 75318 15
75155 75073 15
75177 1000024 15
75634 75579 15
75634 75988 15
75766 75627 15
75797 114111 15
75815 75961 15
75840 75835 15
76048 76199 15
76076 76092 15
76092 76102 15
76102 76112 15
76103 76108 15
76124 75962 15
76156 76124 15
76184 76207 15
76187 76300 15
76230 76153 15
76299 76243 15
76409 76299 15
76448 76354 15
76496 2146237929 15
76530 76531 15
76533 76539 15
76587 76574 15
76599 76442 15
76700 971111 15
76712 76929 15
76851 76838 15
76916 76929 15
76925 77007 15
76938 77142 15
77007 77142 15
77039 76949 15
77076 77166 15
77076 2146237910 15
77174 77406 15
77174 2146237802 15
77229 77110 15
77231 280907 15
77377 2146237252 15
77401 77679 15
77433 77485 15
77450 77231 15
77477 77561 15
77481 77873 15
77485 77433 15
77559 77342 15
77579 77604 15
77604 77688 15
77821 77787 15
77841 78218 15
77907 78098 15
77933 77930 15
77951 77981 15
77978 78031 15
78031 78105 15
78047 78019 15
78049 78038 15
78070 77870 15
78072 78100 15
78205 78392 15
78215 78539 15
78300 78461 15
78336 78066 15
78390 78233 15
78461 78634 15
78528 78467 15
78528 78549 15
78539 971068 15
78590 78611 15
78621 78629 15
78634 78844 15
78658 78678 15
78673 78656 15
78750 78903 15
78856 79022 15
79043 971176 15
79047 78922 15
79078 79113 15
79079 1000006 15
79106 79043 15
79203 79066 15
79320 2146237905 15
79358 79320 15
79574 79617 15
79617 79460 15
79750 79617 15
80264 114430 15
113662 76921 15
113677 75177 15
113694 78743 15
114048 78658 15
114070 114069 15
114071 114070 15
114106 73961 15
114120 971195 15
114426 114427 15
282570 282569 15
282581 75775 15
282611 282610 15
971069 78215 15
971195 114120 15
971197 971171 15
1000029 73489 15
1000034 75177 15
1000037 114117 15
1000042 282621 15
1000045 971112 15
1000047 2146237645 15
2146237366 77692 15
2146237373 77342 15
2146237801 76731 15
2146237806 76801 15
2146237821 77448 15
2146237906 79358 15
2146237911 76767 15
2146237919 79208 15
2146237929 76496 15
73469 1000028 16
73501 73489 16
73607 73574 16
73607 113750 16
73972 74055 16
74232 74055 16
74460 74274 16
74677 74713 16
74723 74509 16
74915 74925 16
74984 75164 16
75155 75073 16
75589 75614 16
75614 75636 16
75659 75631 16
75794 75778 16
75815 1000025 16
75837 75840 16
75840 75837 16
75988 75634 16
76072 76150 16
76076 75835 16
76085 75902 16
76153 2146237807 16
76238 76220 16
76316 76329 16
76496 2146237929 16
76541 76567 16
76546 76409 16
76550 76513 16
76579 76260 16
76652 76651 16
76673 2146237808 16
76687 76579 16
76693 76617 16
76694 76693 16
76694 76804 16
76732 76811 16
76787 76673 16
76800 76795 16
76804 76819 16
76824 76811 16
76844 2146237800 16
76874 76655 16
76885 76894 16
76899 76879 16
76921 113662 16
76925 76894 16
76946 2146237900 16
77056 77108 16
77076 2146237908 16
77111 77110 16
77174 2146237802 16
77227 2146237358 16
77231 77111 16
77295 77142 16
77377 2146237252 16
77405 77428 16
77448 2146237821 16
77469 77250 16
77481 77458 16
77489 77548 16
77531 77559 16
77559 77604 16
77577 77485 16
77614 77910 16
77639 77398 16
77742 77870 16
77821 77841 16
77823 77956 16
77850 77998 16
77871 77870 16
77883 77688 16
77887 77700 16
77931 77678 16
77931 77883 16
77931 77933 16
77935 77907 16
77956 77823 16
77965 1000002 16
78019 78047 16
78261 78246 16
78289 77998 16
78388 78583 16
78461 78634 16
78539 78467 16
78588 78599 16
78614 78600 16
78618 113694 16
78634 78844 16
78643 78649 16
78679 78583 16
78750 78787 16
78844 78987 16
78853 78629 16
78856 79022 16
78977 114071 16
79043 79029 16
79047 78922 16
79066 1000008 16
79320 2146237905 16
79358 79320 16
79845 79881 16
79991 79983 16
80264 1000033 16
80317 80283 16
80317 80332 16
113751 113749 16
113751 281929 16
114048 78615 16
114069 79029 16
114105 73677 16
114108 76260 16
114424 78673 16
281929 73779 16
282578 281935 16
282611 80020 16
971170 74694 16
971175 77474 16
1000013 80760 16
1000018 78678 16
1000033 80264 16
2146237373 77342 16
2146237646 76260 16
2146237805 77800 16
2146237822 78388 16
2146237911 77387 16
2146237912 75156 16
2146237913 76108 16
73489 73501 17
73510 74096 17
73571 73510 17
73574 118611 17
73677 114105 17
73876 73766 17
73962 73760 17
74274 282571 17
74460 74591 17
74521 74925 17
74756 74055 17
74885 74824 17
74928 74809 17
74970 75037 17
75155 75073 17
75156 75150 17
75318 75279 17
75462 75880 17
75497 282569 17
75533 75536 17
75634 2146237645 17
75659 75636 17
75778 75794 17
76072 76150 17
76085 76153 17
76102 76092 17
76112 76244 17
76153 76085 17
76158 76187 17
76199 282587 17
76230 76490 17
76300 76187 17
76530 76460 17
76554 76759 17
76566 76350 17
76567 76541 17
76599 76442 17
76694 76804 17
76757 76753 17
76809 76801 17
76809 76898 17
76894 76704 17
76898 2146237802 17
76899 76916 17
76921 76801 17
76925 76894 17
76938 76811 17
76963 76872 17
77007 77142 17
77229 77231 17
77231 280907 17
77303 77250 17
77317 2146237908 17
77428 77458 17
77531 77579 17
77639 77559 17
77678 77679 17
77678 77931 17
77815 2146237821 17
77873 77481 17
77887 78066 17
77951 77981 17
77956 77935 17
78205 78204 17
78429 78528 17
78461 78634 17
78478 2146237907 17
78510 78673 17
78583 78500 17
78583 78588 17
78599 78600 17
78615 78601 17
78620 78611 17
78634 78844 17
78654 78683 17
78844 78987 17
78929 78911 17
79033 78743 17
79066 78992 17
79320 2146237905 17
79358 79320 17
79374 114119 17
79814 282361 17
80264 114430 17
80833 80838 17
112635 75631 17
113677 75177 17
113749 113750 17
113750 113751 17
114068 79043 17
114070 114069 17
114112 77583 17
114424 79049 17
114427 114426 17
280907 77231 17
282587 76609 17
971103 971108 17
971110 75354 17
971174 114110 17
971200 74460 17
1000019 76974 17
1000024 75177 17
1000026 78911 17
1000032 79204 17
1000039 114120 17
2146237252 77039 17
2146237358 77227 17
2146237646 76260 17
2146237806 76801 17
2146237819 79203 17
2146237901 78360 17
2146237905 79126 17
2146237908 77076 17
2146237929 76496 17
2146237930 77577 17
73652 73642 18
73751 73806 18
73760 73915 18
73760 73962 18
73816 282578 18
73841 73904 18
73978 73961 18
74694 971170 18
74809 74928 18
74918 74970 18
74918 75073 18
74997 75109 18
74997 75318 18
75006 75318 18
75164 74984 18
75279 75155 18
75579 75533 18
75636 75659 18
75659 76103 18
75920 75318 18
75929 75867 18
75937 75996 18
76108 2146237913 18
76138 2146237363 18
76199 76048 18
76229 75996 18
76320 76229 18
76453 76461 18
76462 76453 18
76462 76496 18
76496 76533 18
76546 76409 18
76555 76531 18
76566 76546 18
76567 76658 18
76574 76567 18
76617 76579 18
76700 971111 18
76735 76753 18
76838 76844 18
76851 76862 18
76872 76963 18
76885 76824 18
76946 76840 18
77142 76938 18
77142 77481 18
77166 77076 18
77229 77231 18
77295 77434 18
77303 77250 18
77342 2146237373 18
77401 77679 18
77448 2146237821 18
77481 77520 18
77489 77303 18
77489 77548 18
77493 77424 18
77493 77520 18
77546 77377 18
77548 77579 18
77559 77604 18
77624 77579 18
77678 77931 18
77800 78187 18
77818 77877 18
77820 77787 18
77823 77561 18
77873 77481 18
77910 77930 18
77931 77883 18
77998 77850 18
77998 78289 18
78207 78218 18
78215 971069 18
78261 78344 18
78390 78373 18
78392 78205 18
78467 78528 18
78590 78611 18
78618 113694 18
78634 78844 18
78649 78654 18
78715 114117 18
78787 78750 18
78844 78987 18
78845 78886 18
78969 78994 18
78987 79185 18
79022 79058 18
79033 78743 18
79320 2146237905 18
79574 2146237921 18
79649 79750 18
79673 114426 18
79845 79881 18
79881 79845 18
80833 80838 18
112635 75835 18
112662 2146237919 18
114070 114069 18
114106 73677 18
114119 79374 18
114430 79991 18
282609 282610 18
282621 1000042 18
971067 114074 18
971107 114091 18
971122 76974 18
971123 971196 18
971173 74694 18
1000007 79033 18
2146237252 77039 18
2146237646 76260 18
2146237905 79126 18
73490 118611 19
73652 73642 19
73760 73682 19
73760 73915 19
74055 74232 19
74509 74450 19
74756 74723 19
74885 74895 19
74918 75073 19
74984 75164 19
75006 74973 19
75177 1000034 19
75497 75627 19
75579 2146237913 19
75634 75988 19
75867 75775 19
75902 75880 19
75902 76085 19
75920 75937 19
75929 75867 19
75990 76158 19
76069 76142 19
76092 76102 19
76138 2146237363 19
76153 2146237363 19
76153 2146237807 19
76220 76207 19
76238 76220 19
76243 76299 19
76354 76599 19
76432 76314 19
76554 76448 19
76587 76574 19
76587 76604 19
76634 76609 19
76651 76652 19
76652 76651 19
76731 2146237801 19
76757 76753 19
76767 76735 19
76787 76872 19
76801 76809 19
76802 76791 19
76811 76802 19
76838 2146237910 19
76844 76838 19
76872 76963 19
76885 76824 19
76916 76929 19
76925 76885 19
76929 76712 19
76949 76950 19
77104 77227 19
77111 77110 19
77227 77104 19
77250 77303 19
77303 2146237932 19
77424 77493 19
77448 77401 19
77450 77231 19
77469 77489 19
77493 77424 19
77511 77700 19
77624 2146237811 19
77692 77511 19
77693 77700 19
77818 2146237815 19
77870 77742 19
77871 77818 19
77872 77809 19
77873 78467 19
77877 77985 19
77883 77931 19
77931 77883 19
77933 77931 19
78070 77870 19
78187 77850 19
78218 77841 19
78218 78207 19
78360 2146237901 19
78429 78528 19
78539 78467 19
78539 971068 19
78615 78601 19
78618 78743 19
78629 78853 19
78634 78844 19
78678 78658 19
78723 78679 19
78743 78539 19
78750 78787 19
78844 78987 19
78992 78924 19
79079 79203 19
79079 1000006 19
79126 79701 19
79320 2146237905 19
79409 79460 19
79460 79208 19
79809 114428 19
79814 79746 19
79914 79867 19
80175 1000035 19
113662 76921 19
113677 75177 19
113707 1000036 19
114107 73978 19
114426 79673 19
114426 114427 19
280907 77250 19
282578 281935 19
282637 79204 19
971067 78750 19
971069 78215 19
971070 78827 19
971158 114073 19
1000017 73841 19
1000035 80175 19
1000041 114588 19
2146237032 971111 19
2146237811 77624 19
2146237821 77815 19
2146237822 78388 19
2146237901 78360 19
2146237905 79126 19
2146237912 75990 19
73510 73571 20
73652 73642 20
73677 73652 20
73677 114106 20
73760 73915 20
73779 73766 20
73972 74451 20
73978 73961 20
74232 1000003 20
74451 74521 20
74694 971173 20
74723 74509 20
74756 74723 20
74928 75109 20
75006 74925 20
75006 74973 20
75037 74970 20
75109 75156 20
75614 75636 20
75631 1000011 20
75835 75840 20
75961 76069 20
75996 75937 20
76108 76103 20
76108 2146237913 20
76150 76144 20
76199 76048 20
76432 76314 20
76462 76496 20
76541 76299 20
76541 76732 20
76546 76541 20
76550 76513 20
76573 76555 20
76652 76655 20
76687 76579 20
76705 76950 20
76731 76724 20
76732 76541 20
76753 76757 20
76787 76566 20
76800 76795 20
76801 76462 20
76801 76809 20
76809 76727 20
76811 76732 20
76811 76802 20
76814 76804 20
76819 2146237800 20
76844 76838 20
76844 2146237800 20
76916 76929 20
76926 76898 20
76946 2146237900 20
77022 76946 20
77142 77007 20
77174 2146237803 20
77182 77166 20
77223 77110 20
77231 77450 20
77428 77405 20
77428 77458 20
77450 77231 20
77450 77433 20
77520 77614 20
77546 77189 20
77548 77579 20
77577 2146237930 20
77614 2146237821 20
77692 77511 20
77692 2146237366 20
77700 77758 20
77758 77887 20
77800 2146237805 20
77820 77872 20
77873 77897 20
77887 77758 20
77951 77981 20
77956 77935 20
78066 77887 20
78215 971069 20
78218 77841 20
78246 78261 20
78344 78261 20
78373 78390 20
78390 78429 20
78467 77873 20
78590 78598 20
78615 114048 20
78621 78549 20
78641 78643 20
78673 78656 20
78683 78654 20
78715 114118 20
78844 78987 20
78851 282599 20
78922 78925 20
78929 78925 20
79126 79701 20
79208 79460 20
79574 79617 20
79867 79914 20
79881 79845 20
80264 80827 20
80605 282621 20
112635 75631 20
113677 75794 20
114106 73961 20
114107 1000040 20
114112 77583 20
114427 114428 20
118611 73490 20
118611 73574 20
281914 73571 20
281929 113751 20
282569 282570 20
282570 75164 20
282609 282610 20
971171 971197 20
971195 114120 20
1000021 79113 20
1000030 80838 20
2146237032 971111 20
2146237032 971239 20
2146237802 76898 20
2146237802 77079 20
2146237803 77174 20
2146237804 77189 20
2146237821 77448 20
2146237905 79126 20
73490 1000005 21
73667 281914 21
73779 281929 21
73806 73751 21
73935 73876 21
73972 74451 21
74450 74509 21
74521 74451 21
74591 74677 21
74760 74713 21
74928 74809 21
75006 75318 21
75064 75467 21
75064 113677 21
75150 75131 21
75164 282570 21
75177 1000024 21
75279 75155 21
75533 75579 21
75614 75636 21
75775 75867 21
75835 75961 21
75990 76243 21
75990 2146237912 21
76112 76102 21
76138 75988 21
76142 76554 21
76299 76409 21
76481 76557 21
76546 76566 21
76600 76244 21
76600 76705 21
76600 2146237929 21
76609 76604 21
76687 76579 21
76731 76724 21
76732 76712 21
76759 76554 21
76804 76694 21
76819 2146237800 21
76844 2146237932 21
76862 76851 21
76867 76862 21
76872 76787 21
76894 76885 21
76974 1000019 21
77076 77166 21
77110 77111 21
77110 77223 21
77142 76938 21
77223 77110 21
77295 77424 21
77342 77317 21
77450 77433 21
77458 77428 21
77474 971175 21
77489 77303 21
77546 77189 21
77692 2146237805 21
77758 77850 21
77821 77841 21
77877 77818 21
77910 77897 21
77965 1000002 21
77985 77989 21
78038 78049 21
78047 78072 21
78100 78072 21
78102 78100 21
78187 77850 21
78233 78390 21
78246 78105 21
78289 77998 21
78388 2146237822 21
78549 78528 21
78600 78599 21
78614 78619 21
78750 78787 21
78844 78987 21
78906 78903 21
78911 78929 21
78924 78992 21
79033 1000007 21
79126 79701 21
79374 971195 21
79409 79460 21
79574 2146237920 21
79574 2146237921 21
79649 79460 21
79701 79942 21
79746 79649 21
79809 114429 21
80283 80317 21
80283 1000009 21
80838 1000030 21
113707 1000036 21
113751 281929 21
114108 76260 21
114110 971174 21
114119 79106 21
281929 73779 21
282570 282569 21
282599 78851 21
971111 2146237032 21
971170 1000046 21
971173 74460 21
971195 114120 21
971198 971172 21
1000013 80760 21
1000019 76974 21
2146237802 77174 21
2146237804 77377 21
2146237810 2146237809 21
2146237811 77624 21
2146237812 77669 21
2146237905 79126 21
2146237919 79208 21
2146237921 79574 21
2146237928 1000048 21
73652 73677 22
73751 73934 22
73816 282578 22
73841 73904 22
73841 971200 22
73935 73972 22
73972 73935 22
74055 74756 22
74096 74274 22
74232 1000003 22
74521 74451 22
74723 74756 22
74861 1000004 22
74928 74809 22
74973 75006 22
75109 74997 22
75533 75579 22
75634 2146237645 22
75835 75840 22
75962 75797 22
76048 76199 22
76092 76102 22
76103 75659 22
76150 76144 22
76320 76229 22
76329 76320 22
76350 76300 22
76409 76546 22
76432 76531 22
76453 76462 22
76496 76238 22
76541 76732 22
76546 76566 22
76566 76787 22
76604 76587 22
76617 76693 22
76679 76704 22
76791 76658 22
76811 76732 22
76824 76604 22
76872 76963 22
76898 76926 22
76899 76916 22
76921 76801 22
76921 76954 22
76929 76712 22
76946 76840 22
77111 77056 22
77223 77227 22
77227 77223 22
77303 77489 22
77377 2146237915 22
77433 77229 22
77434 77295 22
77448 77401 22
77474 971175 22
77531 77489 22
77531 77559 22
77624 77669 22
77669 2146237812 22
77688 77883 22
77693 2146236900 22
77815 77930 22
77870 78070 22
77930 77910 22
77978 77910 22
77998 77850 22
78038 77933 22
78038 78049 22
78207 2146237822 22
78388 78336 22
78588 78583 22
78641 78643 22
78643 78641 22
78673 114424 22
78678 78658 22
78726 78656 22
78851 78866 22
78898 971066 22
79078 114068 22
79126 79701 22
79701 79942 22
79845 79881 22
79983 79914 22
80536 282616 22
114105 1000038 22
114426 114427 22
282637 79204 22
971068 78539 22
971068 114074 22
971110 114111 22
971195 79374 22
1000028 73469 22
1000033 80264 22
1000048 2146237928 22
2146237645 1000047 22
2146237800 76550 22
2146237802 76898 22
2146237802 77174 22
2146237810 77742 22
2146237821 77448 22
2146237919 2146237920 22
2146237920 79574 22
73501 73489 23
73760 73682 23
73806 281935 23
73841 1000017 23
73904 73841 23
73915 73760 23
74096 73510 23
74521 74925 23
74984 74861 23
74984 75073 23
75006 74997 23
75109 74997 23
75254 75213 23
75636 75614 23
75794 75797 23
75837 1000012 23
75990 2146237912 23
76072 76150 23
76150 76354 23
76156 76243 23
76158 75990 23
76320 76229 23
76428 76442 23
76432 76314 23
76481 76124 23
76579 76687 23
76687 76766 23
76753 76735 23
76804 76694 23
76809 76705 23
76812 2146237801 23
76824 76604 23
76840 76946 23
76879 76899 23
76885 76925 23
76946 77022 23
76954 77079 23
77108 77056 23
77250 77469 23
77398 2146237373 23
77434 77295 23
77434 77520 23
77546 77809 23
77669 77624 23
77679 77401 23
77679 77678 23
77688 77639 23
77692 77511 23
77700 77887 23
77742 77870 23
77758 77850 23
77800 78187 23
77883 2146237810 23
77887 78066 23
77907 77935 23
77907 78098 23
77930 77815 23
77930 77933 23
77933 77930 23
78049 78246 23
78105 78246 23
78217 78289 23
78246 78261 23
78344 78261 23
78528 78618 23
78539 78743 23
78599 78588 23
78623 112662 23
78654 78649 23
78656 78726 23
78679 2146237837 23
78845 78886 23
78866 971066 23
78924 78856 23
79043 971176 23
79126 79701 23
79169 79203 23
79208 79460 23
79208 2146237919 23
79617 79460 23
79701 79942 23
79746 79814 23
79942 79968 23
80332 282617 23
80605 282620 23
80760 2146237467 23
112692 80536 23
113694 78618 23
114117 78715 23
114425 79673 23
281929 113751 23
281935 282578 23
282575 74809 23
282599 78851 23
971107 114091 23
971172 971198 23
971174 114110 23
971175 114112 23
971176 78886 23
971200 73841 23
1000020 80760 23
1000038 114105 23
1000039 114120 23
1000040 114107 23
2146236900 77693 23
2146237032 971111 23
2146237373 77398 23
2146237393 282361 23
2146237801 76731 23
2146237805 77800 23
2146237812 77450 23
2146237919 2146237920 23
2146237928 74918 23
73501 73510 24
73571 281914 24
73574 73607 24
73667 73682 24
73766 73876 24
74055 74756 24
74677 74591 24
74895 74885 24
74946 74997 24
75109 75156 24
75177 1000024 24
75213 1000027 24
75462 74970 24
75467 75064 24
75627 75766 24
75778 75794 24
75794 75797 24
75797 971123 24
76112 76184 24
76138 75988 24
76142 76069 24
76184 76112 24
76207 76220 24
76244 76142 24
76300 76350 24
76316 76329 24
76442 76599 24
76461 76460 24
76546 76566 24
76567 76557 24
76579 76687 24
76599 76651 24
76634 76609 24
76652 76651 24
76693 76694 24
76704 76679 24
76727 76809 24
76732 76712 24
76735 76704 24
76753 76757 24
76787 76566 24
76840 2146237806 24
76894 76925 24
76898 76809 24
76954 76921 24
76963 77076 24
76974 971122 24
77022 77110 24
77047 76995 24
77079 77104 24
77108 2146237909 24
77166 77076 24
77166 77182 24
77189 77546 24
77250 77469 24
77317 77303 24
77434 77448 24
77520 77481 24
77579 77531 24
77604 2146237809 24
77624 2146237811 24
77639 77688 24
77693 2146236900 24
77787 77821 24
77820 77872 24
77850 77758 24
77870 78070 24
77897 2146237375 24
77910 77614 24
77910 77930 24
77930 77933 24
78072 78047 24
78100 78072 24
78218 78388 24
78388 78336 24
78392 78205 24
78487 78641 24
78600 78614 24
78601 78598 24
78619 78623 24
78679 78723 24
78906 78969 24
78974 79066 24
79043 114068 24
79043 971176 24
79047 78922 24
79060 114425 24
79066 1000008 24
79113 1000021 24
79169 79058 24
79204 1000032 24
79208 2146237919 24
79574 79617 24
79701 79942 24
79942 79968 24
80317 80332 24
80760 114092 24
80760 1000013 24
80833 80827 24
112662 78623 24
113751 281929 24
114069 114070 24
114108 76314 24
114109 114110 24
280907 77250 24
281914 73667 24
281929 113751 24
282569 282570 24
282609 282608 24
282618 282617 24
971104 971107 24
971173 74694 24
971176 79043 24
971198 73642 24
1000025 75815 24
1000027 75213 24
1000039 114120 24
2146237373 77398 24
2146237801 76812 24
2146237810 2146237809 24
2146237811 2146237812 24
2146237822 78623 24
2146237913 75579 24
2146237919 2146237920 24
73489 1000029 25
73510 73501 25
73652 73642 25
73677 114105 25
73766 73779 25
73961 73978 25
74274 74460 25
74713 74760 25
74760 74713 25
74895 74885 25
74915 74925 25
74918 2146237928 25
74928 74809 25
74928 75109 25
75037 74970 25
75064 75467 25
75109 75156 25
75213 1000027 25
75318 74997 25
75462 75279 25
75533 75536 25
75636 75614 25
75775 282581 25
75797 971123 25
75835 75840 25
75880 75766 25
75920 75318 25
75990 76158 25
76085 75902 25
76142 76144 25
76229 76300 25
76243 76156 25
76299 76409 25
76461 76453 25
76513 76617 25
76554 76600 25
76566 76350 25
76609 282587 25
76655 76652 25
76679 76634 25
76727 76809 25
76791 76802 25
76801 2146237806 25
76814 76804 25
76824 76811 25
76867 76872 25
76885 76894 25
76899 76879 25
76924 76939 25
76925 76894 25
76929 76916 25
76954 77079 25
76995 77047 25
77036 2146237802 25
77056 77111 25
77108 77250 25
77174 77036 25
77231 77450 25
77250 77108 25
77311 77401 25
77317 77303 25
77377 2146237915 25
77448 77434 25
77485 77433 25
77489 77531 25
77548 77579 25
77561 77477 25
77693 2146236900 25
77700 77758 25
77800 77850 25
77820 77787 25
77823 77561 25
77823 77956 25
77877 77985 25
77985 77877 25
77989 77871 25
77989 77985 25
78031 78105 25
78066 77887 25
78187 77800 25
78187 78217 25
78246 78249 25
78289 77998 25
78336 78066 25
78467 78528 25
78583 78388 25
78588 78583 25
78629 78621 25
78673 78656 25
78851 282599 25
78866 78851 25
78903 78750 25
78903 78906 25
78911 78929 25
78992 78924 25
79185 971169 25
79701 79942 25
79746 79814 25
79914 79983 25
79942 79968 25
79968 114489 25
79991 114430 25
80264 1000033 25
80283 112692 25
80317 114091 25
113662 76898 25
114091 971107 25
114110 114109 25
114112 971175 25
114117 1000037 25
281935 282578 25
282572 74274 25
282618 282617 25
282621 80605 25
971123 75797 25
971169 79185 25
971170 74694 25
1000012 75837 25
1000016 73904 25
1000024 75177 25
2146237393 282361 25
2146237806 76801 25
2146237812 77669 25
2146237821 77614 25
73607 73751 26
73682 73667 26
73760 73962 26
73779 73766 26
73972 73935 26
74274 282571 26
74677 74591 26
74694 971173 26
74760 74824 26
75073 75155 26
75155 75073 26
75164 74984 26
75177 113677 26
75254 75213 26
75497 282569 26
75659 76103 26
75880 75462 26
75929 76156 26
75990 76243 26
76047 75961 26
76108 76138 26
76112 76104 26
76124 76156 26
76320 76229 26
76350 76566 26
76409 76350 26
76462 76453 26
76513 76490 26
76555 76531 26
76566 76546 26
76573 76555 26
76673 76300 26
76673 76787 26
76704 76735 26
76712 76732 26
76732 76811 26
76767 76735 26
76767 2146237911 26
76795 76700 26
76802 76791 26
76811 76802 26
76840 76946 26
76840 2146237806 26
76862 76851 26
76925 77007 26
76929 76712 26
76954 76921 26
77079 76954 26
77189 2146237804 26
77311 77398 26
77342 2146237373 26
77401 77311 26
77401 77448 26
77434 77448 26
77448 77182 26
77448 77434 26
77485 77227 26
77511 2146237803 26
77520 77493 26
77531 77579 26
77559 77531 26
77577 77485 26
77639 77398 26
77679 77401 26
77758 77850 26
77787 77820 26
77787 77841 26
77841 77821 26
77871 77989 26
77873 77897 26
77883 77688 26
77910 77978 26
77956 77823 26
77956 77935 26
78049 78038 26
78066 77998 26
78070 77870 26
78204 78038 26
78344 78373 26
78390 78233 26
78611 78620 26
78623 2146237822 26
78641 78487 26
78649 78643 26
78743 113694 26
78750 78903 26
78898 971066 26
78922 79047 26
78974 79066 26
79060 114425 26
79066 78992 26
79204 1000032 26
79460 79617 26
79914 79983 26
79942 79968 26
79968 114489 26
113707 112635 26
113707 1000036 26
113749 113750 26
113750 113749 26
114048 78615 26
114071 114070 26
114072 971157 26
114074 971068 26
114092 80760 26
114112 971175 26
114425 79060 26
118611 73574 26
282571 73934 26
282578 73816 26
282616 282620 26
971070 114073 26
971108 971103 26
971112 77583 26
971174 75354 26
971200 74460 26
1000005 73490 26
1000012 75837 26
1000025 75815 26
1000030 80838 26
1000031 78102 26
2146237645 75634 26
2146237646 76192 26
2146237800 76819 26
2146237804 77189 26
2146237809 77604 26
2146237907 78478 26
2146237915 77693 26
73510 73501 27
73806 281935 27
73972 74055 27
74232 1000003 27
74274 282572 27
74756 74723 27
74824 74885 27
74970 74918 27
74973 75006 27
74984 75164 27
75109 74928 27
75131 75064 27
75462 75279 27
75536 75533 27
75579 2146237913 27
75636 75659 27
75775 75867 27
75835 76076 27
75902 75880 27
76072 76047 27
76076 75835 27
76092 76076 27
76112 76184 27
76138 76108 27
76142 76069 27
76156 75929 27
76156 76124 27
76192 2146237646 27
76453 76461 27
76460 76530 27
76490 76513 27
76496 2146237929 27
76539 76533 27
76634 76679 27
76700 971111 27
76712 76566 27
76712 76929 27
76757 76753 27
76759 76554 27
76804 76814 27
76809 76898 27
76879 76872 27
76894 76885 27
76949 77039 27
76950 76949 27
77022 76946 27
77108 77250 27
77108 2146237909 27
77110 77111 27
77166 77076 27
77182 77166 27
77229 77433 27
77295 77047 27
77295 77142 27
77311 77182 27
77387 2146237911 27
77448 77182 27
77450 77433 27
77450 2146237812 27
77481 77142 27
77485 77227 27
77531 77559 27
77669 77624 27
77669 77742 27
77678 77679 27
77742 2146237810 27
77787 77841 27
77873 77907 27
77931 77678 27
77935 77907 27
77951 77872 27
77951 77981 27
78072 78047 27
78249 78204 27
78388 78336 27
78539 78467 27
78549 78528 27
78549 78621 27
78583 78588 27
78583 78679 27
78611 78590 27
78615 114048 27
78618 113694 27
78619 78614 27
78619 78623 27
78641 78643 27
78658 78678 27
78683 78654 27
78715 114117 27
78726 78656 27
78866 78851 27
78925 78929 27
78929 78911 27
78977 114071 27
78992 78924 27
79049 79060 27
79049 114424 27
79058 79169 27
79106 114119 27
79188 78994 27
79649 79460 27
79942 79968 27
79968 114489 27
80175 2146237393 27
80283 1000009 27
80332 282612 27
113662 76921 27
114427 114428 27
114428 79809 27
114489 112691 27
118611 73490 27
282586 75962 27
282610 282609 27
971104 114092 27
971122 77474 27
1000002 77965 27
1000004 74861 27
1000012 75837 27
1000016 73904 27
2146237393 80175 27
2146237804 77377 27
2146237809 77604 27
2146237812 2146237811 27
2146237908 77076 27
2146237908 77317 27
73469 73571 28
73642 971198 28
73806 73751 28
73972 73935 28
74451 74521 28
74591 74460 28
74694 971170 28
74713 74760 28
74809 74946 28
74809 282575 28
74970 75037 28
74997 75109 28
75318 75920 28
75533 75536 28
75627 75766 28
75797 114111 28
75815 75961 28
75840 75837 28
76092 76076 28
76103 75659 28
76108 76103 28
76112 76104 28
76229 76320 28
76299 76409 28
76316 2146237807 28
76329 76550 28
76350 76409 28
76409 76299 28
76453 76461 28
76530 76531 28
76566 76546 28
76566 76787 28
76567 76658 28
76573 76687 28
76579 76687 28
76600 76244 28
76609 76634 28
76655 76874 28
76658 76791 28
76694 76513 28
76700 76795 28
76757 1000001 28
76759 76874 28
76963 77076 28
77036 2146237802 28
77056 76814 28
77110 77022 28
77229 77231 28
77317 77303 28
77398 77311 28
77405 77387 28
77434 77520 28
77448 77401 28
77458 77481 28
77489 77548 28
77520 77481 28
77546 77809 28
77559 77604 28
77604 77559 28
77624 2146237809 28
77678 77931 28
77688 77883 28
77700 77758 28
77700 77887 28
77809 77546 28
77841 77787 28
77850 77758 28
77883 2146237810 28
77910 77978 28
77930 77910 28
77951 77872 28
78098 77907 28
78164 78158 28
78164 971069 28
78215 971069 28
78261 78344 28
78336 78388 28
78388 2146237822 28
78390 78429 28
78478 2146237907 28
78487 78641 28
78611 78590 28
78614 78600 28
78658 114048 28
78683 78654 28
78969 78906 28
78974 79066 28
79169 79203 28
79203 79169 28
79809 114429 28
79968 114489 28
112635 75835 28
113694 78618 28
114106 73961 28
114108 76314 28
114110 114109 28
114424 79049 28
114430 80264 28
114489 112691 28
118611 73574 28
282575 282572 28
282599 78851 28
282616 80536 28
971066 78866 28
971067 78750 28
971158 114073 28
971170 74694 28
971172 971198 28
971195 79374 28
1000000 75674 28
1000047 2146237645 28
2146236900 77406 28
2146237032 971239 28
2146237363 76153 28
2146237810 77883 28
2146237810 2146237809 28
2146237821 77448 28
2146237822 78207 28
2146237907 78974 28
2146237910 77076 28
2146237919 112662 28
73766 73779 29
73779 281929 29
73841 1000017 29
73934 73751 29
73961 114106 29
73962 74232 29
74274 74460 29
74460 971173 29
74824 74885 29
74918 2146237928 29
75006 74997 29
75467 282581 29
75536 1000023 29
75631 1000011 29
75636 75659 29
76144 76142 29
76187 76300 29
76207 76184 29
76299 76243 29
76299 76541 29
76329 76550 29
76460 76530 29
76496 76533 29
76550 2146237800 29
76557 76567 29
76567 76658 29
76604 76824 29
76673 76787 29
76705 76809 29
76787 76566 29
76809 76727 29
76885 76925 29
76926 76898 29
77036 2146237802 29
77108 77056 29
77110 77111 29
77111 77110 29
77142 76938 29
77174 2146237802 29
77189 1000015 29
77250 77303 29
77250 280907 29
77398 77639 29
77398 2146237373 29
77406 2146236900 29
77469 77450 29
77520 77493 29
77604 77559 29
77639 77559 29
77738 77725 29
77738 77787 29
77787 77821 29
77818 2146237815 29
77872 78207 29
77981 77951 29
77989 78070 29
78066 78336 29
78098 78750 29
78158 78105 29
78207 77872 29
78218 78388 29
78246 78249 29
78336 78500 29
78611 78620 29
78618 78743 29
78641 78771 29
78827 78851 29
78851 78866 29
78974 79079 29
79022 79058 29
79078 114068 29
79185 971169 29
79203 2146237819 29
79750 79649 29
79968 114489 29
80020 282611 29
80317 80283 29
80332 80317 29
80332 282617 29
80536 282616 29
112635 75631 29
112691 2146237904 29
112692 80283 29
112692 80536 29
112692 282618 29
113707 1000036 29
114068 79078 29
114074 971067 29
114108 76314 29
114111 971110 29
114112 77583 29
114489 112691 29
282361 2146237393 29
282617 282618 29
282621 1000042 29
971066 78866 29
971069 78215 29
971070 114073 29
971170 74694 29
971174 75354 29
971195 114120 29
971196 971239 29
1000015 77189 29
1000016 73904 29
2146237366 77577 29
2146237375 78233 29
2146237645 1000047 29
2146237811 77624 29
2146237811 2146237812 29
2146237812 77669 29
2146237920 79574 29
73510 73501 30
73876 73935 30
73978 73961 30
74451 74521 30
74824 74760 30
74824 74885 30
74918 74970 30
74925 74521 30
75064 75131 30
75109 74997 30
75254 75213 30
75318 74997 30
75797 75962 30
75815 1000025 30
75880 75766 30
75961 75815 30
75996 75937 30
76048 76199 30
76085 75902 30
76124 76156 30
76142 76244 30
76192 76179 30
76199 282587 30
76220 76207 30
76220 76238 30
76243 75990 30
76350 76566 30
76448 76554 30
76453 76108 30
76531 76432 30
76533 76496 30
76554 76142 30
76555 76531 30
76566 76546 30
76759 76874 30
76800 76955 30
76804 76814 30
76811 76732 30
76814 77056 30
76840 76946 30
76898 76926 30
76950 76705 30
77007 76925 30
77022 76946 30
77076 76963 30
77076 2146237910 30
77104 77079 30
77108 77056 30
77111 77231 30
77182 77166 30
77182 77311 30
77189 77546 30
77189 2146237804 30
77229 77231 30
77231 77111 30
77317 77342 30
77317 77531 30
77434 77295 30
77469 77489 30
77477 77405 30
77493 77424 30
77700 77693 30
77809 77821 30
77883 77688 30
77887 77758 30
77887 78066 30
77897 77910 30
77935 77956 30
78031 77978 30
78066 78218 30
78205 78204 30
78205 78392 30
78218 78388 30
78373 78390 30
78478 2146237907 30
78500 78583 30
78620 78623 30
78621 78629 30
78679 78583 30
78743 78539 30
78743 113694 30
78787 971158 30
78845 78833 30
78911 1000026 30
79049 114424 30
79169 79058 30
79185 78987 30
79188 78994 30
79203 79079 30
79460 79617 30
79574 2146237921 30
79617 79574 30
79746 79814 30
79750 79617 30
79814 282361 30
79983 79914 30
80332 282612 30
80833 80827 30
112635 113707 30
112691 2146237904 30
113677 75794 30
114073 971158 30
114489 112691 30
281935 73806 30
282578 281935 30
282581 75467 30
282599 78833 30
282616 282620 30
282617 282618 30
971104 971107 30
971108 971103 30
971171 971197 30
1000001 76757 30
1000024 75177 30
1000044 2146237467 30
2146237375 78233 30
2146237801 76812 30
2146237821 77678 30
2146237901 78360 30
2146237919 79617 30
2146237932 76844 30
73490 118611 31
73682 73667 31
73760 73915 31
73816 282578 31
73915 73760 31
73962 73760 31
74460 74274 31
74591 74460 31
74677 74713 31
74723 74756 31
74984 74861 31
75037 74973 31
75131 75150 31
75279 75462 31
75497 282569 31
75674 75778 31
75920 75937 31
75962 282586 31
75996 76229 31
76238 76220 31
76244 76112 31
76260 114108 31
76260 2146237646 31
76567 76557 31
76573 76687 31
76652 76651 31
76652 76655 31
76673 76300 31
76693 2146237801 31
76700 76795 31
76712 76929 31
76732 76541 31
76735 76753 31
76753 76735 31
76759 76554 31
76759 76874 31
76767 76735 31
76801 76462 31
76809 76705 31
76844 2146237800 31
76885 76824 31
76898 113662 31
76938 76811 31
76946 76840 31
76954 76946 31
76995 77047 31
77076 76963 31
77174 2146237802 31
77295 77142 31
77317 77531 31
77377 2146237915 31
77481 77142 31
77511 2146237803 31
77546 77377 31
77559 77639 31
77579 77531 31
77614 2146237821 31
77639 77398 31
77639 77559 31
77678 2146237821 31
77693 2146237915 31
77700 77693 31
77742 77669 31
77787 77738 31
77841 77787 31
77850 78187 31
77871 77989 31
77877 77692 31
77910 77614 31
77956 77965 31
77965 77956 31
77989 77871 31
77989 77985 31
77998 78066 31
78019 78047 31
78072 78047 31
78207 78218 31
78289 77998 31
78289 78336 31
78388 78336 31
78388 78583 31
78528 78467 31
78583 78388 31
78611 78620 31
78621 78629 31
78629 78853 31
78641 78487 31
78656 78673 31
78743 78618 31
78743 79033 31
78845 78833 31
78922 79047 31
78922 2146237837 31
78992 78924 31
78992 79066 31
79033 78743 31
79078 114068 31
79079 79203 31
79079 1000006 31
79113 79078 31
79203 79079 31
79649 79460 31
79649 79746 31
79809 114428 31
79914 79867 31
80283 1000009 31
112691 2146237904 31
113749 113750 31
113750 73607 31
114427 114426 31
114489 112691 31
114588 76428 31
282569 282570 31
282587 76199 31
282616 80536 31
971107 114091 31
971112 77583 31
1000014 79409 31
1000022 78360 31
1000025 75815 31
2146237802 77036 31
2146237808 76673 31
2146237810 77742 31
2146237811 2146237812 31
2146237904 78987 31
2146237912 75156 31
2146237929 76600 31
73510 73571 32
73607 113750 32
73841 73904 32
74274 74096 32
74509 74450 32
74925 74915 32
75318 75006 32
75462 75279 32
75837 1000012 32
75902 76085 32
75961 75815 32
75988 75634 32
76092 76076 32
76102 76112 32
76112 76244 32
76156 76124 32
76184 76112 32
76192 2146237646 32
76320 76329 32
76409 76546 32
76513 76550 32
76541 76732 32
76574 76587 32
76655 76652 32
76766 76840 32
76787 76673 32
76801 76921 32
76804 76694 32
76862 76867 32
76894 76925 32
76899 76916 32
76950 76935 32
76974 76955 32
77227 2146237358 32
77424 77295 32
77579 77624 32
77624 2146237809 32
77688 77604 32
77692 2146237366 32
77700 77693 32
77738 77725 32
77758 77700 32
77821 77809 32
77871 77989 32
77931 77678 32
78047 78019 32
78070 77870 32
78072 78100 32
78187 77800 32
78207 77872 32
78344 78373 32
78467 78528 32
78510 78487 32
78621 78549 32
78658 114048 32
78750 78098 32
78851 78866 32
78866 971066 32
78903 78853 32
78977 114072 32
79043 114068 32
79203 79169 32
79374 114119 32
79617 79750 32
80264 114430 32
80605 282621 32
80760 114092 32
80838 80833 32
112662 78623 32
112691 2146237904 32
114068 79043 32
114072 971157 32
114111 75797 32
114111 971110 32
114429 79809 32
280907 77231 32
282612 80332 32
971066 78866 32
971067 78750 32
971104 971107 32
971169 79185 32
971195 114120 32
971198 971172 32
1000006 79079 32
1000007 79033 32
2146237809 77604 32
2146237821 77614 32
2146237837 78922 32
2146237904 78987 32
2146237932 76844 32
73489 73501 33
73571 281914 33
73751 73607 33
73935 73876 33
74096 73510 33
74274 74096 33
74274 74460 33
74451 73972 33
74460 74591 33
74809 74928 33
74824 74760 33
74885 74895 33
74915 74925 33
74925 75006 33
74997 75006 33
74997 75109 33
75037 74973 33
75109 74928 33
75150 75131 33
75164 74984 33
75213 75254 33
75462 75880 33
75996 76229 33
76142 76244 33
76199 282587 33
76220 76207 33
76230 76153 33
76244 76112 33
76314 114108 33
76350 76409 33
76453 76461 33
76490 76230 33
76531 76530 33
76566 76350 33
76573 76555 33
76574 76567 33
76609 76634 33
76634 76679 33
76651 76599 33
76693 76617 33
76735 76767 33
76787 76673 33
76791 76802 33
76812 2146237801 33
76814 77056 33
76844 2146237808 33
76862 76851 33
76885 76894 33
76898 113662 33
76916 76899 33
76950 76935 33
76954 76946 33
77039 77036 33
77076 77166 33
77079 77104 33
77108 2146237909 33
77142 77481 33
77229 77433 33
77295 77424 33
77295 77434 33
77303 77317 33
77311 77182 33
77377 77546 33
77433 77229 33
77481 77458 33
77485 77227 33
77489 77303 33
77520 77493 33
77688 77639 33
77809 77821 33
77815 2146237821 33
77872 77820 33
77897 2146237375 33
77907 78098 33
78100 78102 33
78187 77850 33
78218 78388 33
78390 78373 33
78390 78429 33
78467 77873 33
78478 2146237907 33
78600 78614 33
78618 78528 33
78623 78620 33
78649 78654 33
78654 78683 33
78750 971067 33
78886 971176 33
78906 78903 33
78925 78922 33
78974 79066 33
79029 79043 33
79043 114068 33
79078 79113 33
79204 282637 33
79750 79617 33
79750 79649 33
79991 79983 33
80264 80827 33
80332 282617 33
80833 80827 33
112691 2146237904 33
112692 80283 33
113677 75177 33
113694 78618 33
113750 113749 33
114069 79029 33
114108 76314 33
114120 1000039 33
114588 76428 33
282586 75962 33
282587 76199 33
282611 282610 33
282618 112692 33
971108 971103 33
971175 77474 33
1000004 74861 33
1000007 79033 33
1000047 2146237645 33
2146237363 76153 33
2146237467 80760 33
2146237467 1000044 33
2146237806 76840 33
2146237811 77548 33
2146237812 2146237811 33
2146237815 77818 33
2146237821 77815 33
2146237904 78987 33
2146237907 78974 33
2146237913 75579 33
2146237921 79750 33
2146237928 1000048 33
73469 1000028 34
73490 1000005 34
73571 73510 34
73571 971172 34
73682 73667 34
73806 281935 34
73841 971200 34
73904 1000016 34
73915 73760 34
74274 74460 34
74460 74274 34
74809 74946 34
75037 74970 34
75213 1000027 34
75497 282569 34
75579 75634 34
75766 75627 34
75837 75840 34
75902 75880 34
75961 75835 34
76085 76153 34
76124 76156 34
76230 76490 34
76238 76496 34
76260 114108 34
76300 76673 34
76462 76453 34
76462 76801 34
76513 76694 34
76600 76554 34
76609 282587 34
76634 76609 34
76652 76655 34
76673 76300 34
76673 2146237808 34
76694 76513 34
76766 76731 34
76795 76800 34
76800 76955 34
76801 76462 34
76801 2146237806 34
76809 76801 34
76814 77056 34
76921 113662 34
76925 76894 34
76946 2146237900 34
76974 76955 34
77076 2146237910 34
77108 77250 34
77189 1000015 34
77481 77873 34
77531 77317 34
77546 77377 34
77579 77624 34
77604 77579 34
77624 77669 34
77809 77546 34
77872 77951 34
77933 77931 34
77935 77907 34
77989 77985 34
77998 78289 34
78031 77978 34
78207 78218 34
78218 78066 34
78233 78390 34
78467 78528 34
78467 78539 34
78539 78743 34
78583 78388 34
78621 78549 34
78623 78619 34
78656 78726 34
78723 78679 34
78787 971158 34
78827 971070 34
78903 78853 34
78925 78922 34
78994 79188 34
79029 114069 34
79047 78922 34
79409 1000014 34
80833 80827 34
112662 78623 34
114072 78977 34
114110 971174 34
114425 79060 34
282361 79814 34
282569 75497 34
282570 75164 34
282575 282572 34
971108 80317 34
971122 76974 34
971172 73571 34
971200 74460 34
971239 2146237032 34
1000024 75177 34
1000025 75815 34
1000029 73489 34
1000036 113707 34
2146237375 78233 34
2146237801 2146237900 34
2146237802 77174 34
2146237810 77883 34
2146237821 77614 34
2146237900 76946 34
2146237901 2146237822 34
2146237904 78987 34
2146237908 77317 34
2146237929 76600 34
73607 73574 35
73607 113750 35
73642 971198 35
73841 1000017 35
73904 1000016 35
73961 73978 35
73962 74232 35
74232 1000003 35
74450 74232 35
74509 74450 35
74756 74918 35
74918 74970 35
74973 75006 35
74984 75073 35
75006 74973 35
75064 75467 35
75131 75150 35
75213 1000027 35
75579 75254 35
75579 75533 35
75766 75880 35
75778 75794 35
75840 75837 35
75867 75775 35
75961 76047 35
76048 282586 35
76108 76138 35
76153 2146237807 35
76156 75929 35
76329 76550 35
76350 76409 35
76350 76566 35
76481 76557 35
76513 76617 35
76557 76567 35
76566 76546 35
76566 76712 35
76609 76604 35
76634 76679 35
76693 76617 35
76700 76795 35
76704 76894 35
76766 76731 35
76804 76814 35
76867 76862 35
76974 971122 35
77039 77036 35
77110 77022 35
77110 77223 35
77166 77076 35
77405 77428 35
77406 77174 35
77406 2146236900 35
77433 77229 35
77469 77489 35
77511 77692 35
77511 2146237803 35
77531 77489 35
77548 77579 35
77604 2146237809 35
77678 77931 35
77688 77604 35
77692 77877 35
77693 2146237915 35
77742 77870 35
77787 77841 35
77841 77787 35
77930 77815 35
78019 77981 35
78066 77887 35
78098 77907 35
78100 78102 35
78204 78249 35
78217 78187 35
78218 78066 35
78261 78246 35
78500 78336 35
78598 78590 35
78599 78588 35
78679 78723 35
78726 78656 35
78922 78925 35
78977 114072 35
79750 79649 35
79867 79914 35
80283 80317 35
80838 1000030 35
113662 76921 35
114072 78977 35
114074 971067 35
114428 114427 35
282581 75775 35
282637 79188 35
971172 73571 35
971197 74694 35
971200 73841 35
1000031 78102 35
1000039 114120 35
1000046 971170 35
2146236900 77406 35
2146237358 77227 35
2146237363 76153 35
2146237366 77577 35
2146237800 76819 35
2146237802 77036 35
2146237804 77377 35
2146237815 2146237930 35
2146237900 76946 35
2146237904 78987 35
2146237910 76838 35
2146237911 76767 35
2146237930 2146237815 35
73469 73571 36
73935 73876 36
74591 74460 36
74591 74677 36
74809 282575 36
74918 74756 36
74918 2146237928 36
74970 75462 36
74997 74946 36
75006 74925 36
75037 74973 36
75109 75156 36
75131 75150 36
75177 1000034 36
75634 75627 36
75766 75880 36
75797 75962 36
75815 1000025 36
75962 282586 36
76048 76199 36
76072 76047 36
76072 76150 36
76142 76554 36
76144 76142 36
76153 76085 36
76153 76230 36
76184 76112 36
76230 76153 36
76238 76220 36
76244 76600 36
76314 76432 36
76354 76599 36
76453 76462 36
76460 76530 36
76496 2146237929 36
76513 76694 36
76531 76555 36
76533 76539 36
76555 76573 36
76587 76574 36
76651 76652 36
76693 76617 36
76712 76566 36
76757 1000001 36
76795 76700 36
76804 76819 36
76809 76705 36
76809 76727 36
76812 76814 36
76867 76872 36
76872 76867 36
76929 76995 36
76935 76926 36
76938 77142 36
77022 77104 36
77022 77110 36
77108 77056 36
77142 77007 36
77182 77166 36
77227 77485 36
77229 77110 36
77295 77047 36
77406 2146236900 36
77428 77405 36
77458 77481 36
77474 971122 36
77489 77469 36
77548 2146237811 36
77583 971112 36
77688 77883 36
77693 77725 36
77742 77669 36
77809 77821 36
77818 77871 36
77873 77907 36
77873 78467 36
77887 77700 36
77897 77873 36
77907 77873 36
77931 77933 36
77933 77931 36
77951 77981 36
77956 77935 36
77956 77965 36
78038 77930 36
78105 78158 36
78204 78205 36
78205 78204 36
78207 78218 36
78218 78066 36
78344 78261 36
78388 2146237822 36
78539 971068 36
78583 78500 36
78599 78600 36
78600 78599 36
78623 78620 36
78641 78771 36
78658 78678 36
78673 78510 36
78679 78583 36
78743 79033 36
78750 78787 36
78833 114118 36
78851 78827 36
78886 78845 36
79022 78856 36
79022 79058 36
79029 114069 36
79033 78743 36
79049 79060 36
79169 79058 36
79169 79203 36
79746 79814 36
80317 114091 36
80827 80833 36
113751 113749 36
114091 971107 36
114118 78833 36
114120 1000039 36
114426 79673 36
114428 79809 36
282616 282620 36
971069 78164 36
971123 971196 36
1000001 76757 36
1000011 75631 36
1000028 73469 36
1000029 73489 36
1000043 2146237393 36
2146237358 77511 36
2146237467 80760 36
2146237802 77079 36
2146237804 77189 36
2146237804 77377 36
2146237812 77450 36
2146237812 77669 36
2146237822 2146237901 36
2146237901 2146237822 36
2146237930 77577 36
2146237931 78633 36
73677 114105 37
73816 282578 37
73934 73751 37
74274 282571 37
74509 74723 37
74713 74677 37
74809 74946 37
74861 1000004 37
75006 74997 37
75150 75156 37
75536 1000023 37
75659 1000010 37
75674 75778 37
75797 75794 37
75840 75835 37
75867 75929 37
75961 75835 37
75961 76069 37
75990 2146237912 37
76047 75961 37
76072 76150 37
76150 76144 37
76156 76243 37
76244 76600 37
76539 76533 37
76539 76727 37
76550 76513 37
76554 76600 37
76557 76481 37
76599 76651 37
76609 76604 37
76617 76513 37
76787 76673 37
76814 76804 37
76819 76804 37
76824 76885 37
76844 2146237808 37
76885 76824 37
76916 76899 37
76949 76950 37
76974 76955 37
77047 77295 37
77108 77250 37
77111 77231 37
77189 1000015 37
77223 77229 37
77231 77450 37
77295 77424 37
77303 77489 37
77311 77398 37
77342 2146237373 37
77387 77405 37
77401 77398 37
77405 77477 37
77583 971112 37
77679 77678 37
77688 77679 37
77693 2146237915 37
77725 77693 37
77738 77787 37
77821 77841 37
77877 77692 37
77930 77910 37
77930 77933 37
77998 78066 37
78249 78204 37
78390 78429 37
78549 78621 37
78588 78599 37
78590 78598 37
78600 78614 37
78715 114118 37
78911 1000026 37
78922 2146237837 37
78925 78922 37
78929 78925 37
78994 78969 37
79043 79106 37
79043 114068 37
79066 79203 37
79374 114119 37
79460 79409 37
79673 114426 37
80760 2146237467 37
80827 80264 37
113707 112635 37
113750 73607 37
113751 281929 37
114048 78615 37
114588 76428 37
282572 282575 37
282609 282608 37
282616 80536 37
282618 112692 37
971107 114091 37
971112 1000045 37
971171 114109 37
971195 79374 37
971196 971123 37
971239 971196 37
1000022 78360 37
1000026 78911 37
1000036 113707 37
1000046 971170 37
2146237252 77377 37
2146237800 2146237909 37
2146237805 77800 37
2146237912 75156 37
2146237913 76108 37
2146237921 79750 37
73501 73489 38
73935 73876 38
73961 73915 38
74274 74096 38
74451 73972 38
74460 971200 38
74756 74723 38
75155 75279 38
75254 75213 38
75354 971174 38
75497 75627 38
75579 75634 38
75627 75634 38
75996 75937 38
76112 76102 38
76142 76069 38
76150 76072 38
76220 76207 38
76229 75996 38
76260 76579 38
76300 76229 38
76300 76350 38
76316 76329 38
76432 76531 38
76557 76567 38
76599 76651 38
76600 76244 38
76732 76811 38
76766 76731 38
76787 76566 38
76791 76658 38
76838 76844 38
76838 76851 38
76840 76946 38
76874 76949 38
76924 76939 38
76949 76950 38
77022 77104 38
77056 77111 38
77104 77079 38
77231 77229 38
77317 77531 38
77377 2146237804 38
77387 2146237911 38
77401 77398 38
77405 77428 38
77406 77174 38
77433 77450 38
77477 77561 38
77511 77700 38
77511 2146237803 38
77669 77624 38
77679 77401 38
77688 77679 38
77787 77821 38
77809 77872 38
77873 77907 38
77883 77931 38
77910 77930 38
77989 77871 38
77998 78066 38
78047 78019 38
78049 78246 38
78187 77800 38
78217 78187 38
78218 77841 38
78261 78246 38
78344 78373 38
78614 78600 38
78886 971176 38
78903 78750 38
78903 78906 38
78969 78906 38
78969 78994 38
79029 79043 38
79047 79208 38
79049 114424 38
79066 79203 38
79079 78974 38
79460 79617 38
79617 2146237919 38
79881 79845 38
80827 80833 38
80838 1000030 38
114091 80317 38
114118 78715 38
280907 77231 38
282569 75497 38
282578 73816 38
282587 76609 38
282618 282617 38
971104 114092 38
971122 77474 38
971157 114072 38
1000008 79066 38
1000013 80760 38
1000037 114117 38
1000046 971170 38
2146237467 80760 38
2146237808 76673 38
2146237809 2146237810 38
2146237812 77450 38
2146237815 2146237930 38
2146237920 2146237919 38
73760 73682 39
73760 73915 39
73806 281935 39
73816 73841 39
73876 73766 39
73962 74232 39
74232 74055 39
74460 74274 39
74713 74760 39
74824 74885 39
74970 74918 39
75064 75131 39
75156 2146237912 39
75462 75279 39
75533 75579 39
75627 75634 39
75631 75659 39
75835 76076 39
75920 75318 39
75961 75815 39
76048 282586 39
76238 76496 39
76314 114108 39
76462 76453 39
76531 76555 39
76539 76727 39
76554 76142 39
76554 76759 39
76600 76554 39
76600 2146237929 39
76617 76513 39
76617 76579 39
76673 2146237808 39
76679 76634 39
76705 76600 39
76705 76809 39
76727 76539 39
76767 2146237911 39
76811 76732 39
76811 76938 39
76862 76867 39
76898 2146237802 39
76925 77007 39
76946 76954 39
76946 77022 39
77047 77295 39
77056 76814 39
77079 76954 39
77142 77295 39
77231 77450 39
77295 77142 39
77311 77182 39
77317 77531 39
77424 77493 39
77531 77559 39
77531 77579 39
77548 2146237811 39
77692 2146237366 39
77700 77511 39
77725 77693 39
77823 77956 39
77873 78467 39
77897 77910 39
77907 78098 39
77935 77956 39
78100 78102 39
78164 78158 39
78344 78261 39
78388 2146237822 39
78500 78336 39
78614 78619 39
78621 78629 39
78673 114424 39
78726 78656 39
78851 78866 39
78856 79022 39
79049 79060 39
79060 79049 39
79078 79113 39
79079 79203 39
79203 79066 39
79203 79079 39
79208 79047 39
79208 79460 39
79374 971195 39
79574 79617 39
79983 79991 39
80175 2146237393 39
80332 282617 39
112692 80283 39
114073 971070 39
114073 971158 39
114120 971195 39
114426 79673 39
280907 77231 39
281914 73571 39
281935 282578 39
971068 78539 39
971069 78164 39
971070 78827 39
971110 114111 39
971111 76700 39
971112 1000045 39
971123 971196 39
971158 114073 39
971174 114110 39
971198 73642 39
1000001 76757 39
1000003 74232 39
1000006 79079 39
1000026 78911 39
1000027 75213 39
2146237366 77577 39
2146237646 76260 39
2146237822 78207 39
2146237913 76108 39
2146237919 79617 39
2146237932 76844 39
73489 73501 40
73510 74096 40
73607 73574 40
73682 73760 40
73806 281935 40
74096 73510 40
74232 74055 40
74809 282575 40
74895 74915 40
74973 75037 40
74997 75318 40
75037 74970 40
75064 75467 40
75150 75156 40
75254 75579 40
75318 75920 40
75627 75497 40
75835 75961 40
75840 75835 40
75929 75867 40
75937 75996 40
75962 282586 40
76076 76092 40
76108 76138 40
76112 76244 40
76158 75990 40
76320 76229 40
76354 76150 40
76448 76354 40
76530 76531 40
76539 76727 40
76546 76541 40
76566 76712 40
76604 76609 40
76617 76513 40
76694 76693 40
76731 76766 40
76757 1000001 40
76851 76862 40
76879 76872 40
76921 113662 40
76926 76898 40
76938 76939 40
76938 77142 40
76939 76924 40
77007 76925 40
77111 77056 40
77189 2146237804 40
77250 77108 40
77311 77401 40
77317 77342 40
77342 77317 40
77377 2146237252 40
77406 2146236900 40
77433 77229 40
77434 77520 40
77450 77469 40
77469 77450 40
77477 77561 40
77511 2146237358 40
77559 77531 40
77559 77639 40
77577 2146237366 40
77583 971112 40
77604 2146237809 40
77614 2146237821 40
77679 77401 40
77679 77688 40
77692 77877 40
77758 77850 40
77841 78218 40
77930 77815 40
77933 77930 40
77985 77877 40
78019 78047 40
78098 78750 40
78105 78031 40
78218 78207 40
78261 78344 40
78289 78336 40
78467 77873 40
78528 78429 40
78620 78623 40
78623 78620 40
78633 2146237931 40
78643 78641 40
78743 78618 40
78922 78925 40
78987 79185 40
79066 78974 40
79106 114119 40
79113 1000021 40
79409 79460 40
79617 2146237919 40
79649 79746 40
79845 79881 40
79983 79914 40
113694 78743 40
114073 971158 40
114092 971104 40
114118 78833 40
114425 79060 40
282570 75164 40
971069 78164 40
971069 78215 40
971110 114111 40
971158 114073 40
971174 75354 40
971196 971123 40
1000003 74232 40
1000006 79079 40
1000007 79033 40
1000013 80760 40
1000019 76974 40
1000040 114107 40
2146237807 76316 40
2146237822 2146237901 40
2146237910 77076 40
2146237912 75156 40
2146237919 79617 40
73682 73667 41
73972 74055 41
74451 74521 41
74694 971173 41
75006 74925 41
75109 74997 41
75131 75064 41
75177 113677 41
75318 75279 41
75462 75880 41
75631 1000011 41
75634 75988 41
75634 2146237645 41
75674 1000000 41
75794 75778 41
75837 75840 41
75837 1000012 41
75961 76069 41
76048 282586 41
76069 76142 41
76112 76184 41
76179 76192 41
76187 76300 41
76207 76184 41
76230 76490 41
76244 76600 41
76314 76432 41
76354 76448 41
76461 76453 41
76539 76727 41
76541 76546 41
76554 76759 41
76555 76573 41
76567 76541 41
76634 76609 41
76651 76448 41
76658 76567 41
76679 76704 41
76687 76724 41
76705 76600 41
76731 76766 41
76735 76767 41
76753 76757 41
76759 76874 41
76814 76804 41
76867 76872 41
76898 113662 41
76916 76899 41
76963 76872 41
77108 77056 41
77111 77110 41
77174 77406 41
77377 77546 41
77377 2146237804 41
77398 77311 41
77401 77311 41
77401 77398 41
77448 2146237821 41
77469 77450 41
77531 77489 41
77561 77823 41
77577 2146237930 41
77604 77559 41
77604 77579 41
77679 77678 41
77787 77820 41
77818 77871 41
77818 2146237815 41
77841 77787 41
77870 77742 41
78019 77981 41
78038 78049 41
78070 77989 41
78072 78100 41
78098 78750 41
78100 78072 41
78105 78031 41
78207 78218 41
78217 78187 41
78218 78066 41
78246 78105 41
78390 78233 41
78549 78528 41
78649 78654 41
78654 78649 41
78654 78683 41
78658 78678 41
78673 78683 41
78726 78656 41
78750 971067 41
78827 971070 41
78833 78845 41
78845 78833 41
78853 78903 41
78866 971066 41
78969 78994 41
79043 79029 41
79047 79208 41
79750 79617 41
79809 114429 41
79814 79746 41
80605 282621 41
80760 1000013 41
114068 79043 41
114105 73677 41
114106 73961 41
114426 114427 41
114430 80264 41
281914 73571 41
281914 73667 41
282361 79814 41
282578 281935 41
282581 75467 41
282621 1000042 41
971157 78898 41
971169 79185 41
971176 79043 41
1000002 77965 41
1000030 80838 41
2146236900 77693 41
2146237375 77897 41
2146237393 80175 41
2146237467 80760 41
2146237645 75634 41
2146237801 76812 41
2146237807 76153 41
2146237821 77815 41
2146237822 78388 41
2146237901 78360 41
2146237919 112662 41
2146237919 2146237920 41
73501 73510 42
73510 74096 42
73652 73677 42
73935 73972 42
73972 73935 42
74694 971197 42
74915 74925 42
74973 75006 42
75073 75155 42
75354 971110 42
75354 971174 42
75579 2146237913 42
75634 75988 42
75797 114111 42
75920 75318 42
75961 76047 42
76112 76184 42
76153 2146237363 42
76243 76299 42
76316 2146237807 42
76432 76314 42
76448 76354 42
76496 76462 42
76530 76460 42
76541 76567 42
76546 76566 42
76554 76142 42
76567 76574 42
76655 76652 42
76694 76804 42
76704 76894 42
76766 76731 42
76801 76462 42
76801 76809 42
76801 2146237806 42
76804 76814 42
76840 76766 42
76844 76838 42
76862 76867 42
76921 76954 42
76925 76885 42
76935 76950 42
76939 76938 42
76950 76705 42
76963 77076 42
76974 971122 42
77110 77223 42
77174 77036 42
77174 77406 42
77174 2146237803 42
77311 77398 42
77342 77317 42
77474 971122 42
77477 77405 42
77489 77303 42
77520 77434 42
77531 77489 42
77559 77639 42
77604 77688 42
77669 2146237812 42
77679 77401 42
77688 77639 42
77692 77511 42
77742 2146237810 42
77818 2146237815 42
77850 77998 42
77873 78467 42
77907 77873 42
78047 78072 42
78049 78246 42
78164 971069 42
78204 78205 42
78207 77872 42
78207 2146237822 42
78215 78539 42
78246 78261 42
78336 78289 42
78360 1000022 42
78429 78528 42
78600 78599 42
78614 78600 42
78623 78619 42
78623 2146237822 42
78641 78771 42
78673 78656 42
78673 78683 42
78750 971067 42
78771 78641 42
78856 79022 42
78898 971066 42
78974 79079 42
78977 114072 42
79029 79043 42
79049 114424 42
79066 1000008 42
79208 79460 42
80332 282617 42
80760 1000013 42
112662 2146237919 42
113677 75064 42
113677 75794 42
113750 73607 42
114091 971107 42
114109 114110 42
114112 77583 42
282569 75497 42
282578 281935 42
282620 80605 42
282637 79204 42
971066 78866 42
971104 971107 42
971157 78898 42
971158 78787 42
971198 73642 42
1000003 74232 42
1000039 114120 42
1000045 971112 42
1000048 2146237928 42
2146237467 1000044 42
2146237802 77079 42
2146237806 76840 42
2146237810 77742 42
2146237812 2146237811 42
2146237822 78623 42
2146237919 79208 42
2146237921 79574 42
2146237928 1000048 42
73760 73682 43
73876 73935 43
73961 73915 43
74232 74450 43
74274 282572 43
74677 74713 43
74760 74824 43
74885 74895 43
74928 75109 43
75006 74925 43
75164 74984 43
75177 113677 43
75279 75155 43
75318 75279 43
75354 971174 43
75835 76076 43
75990 2146237912 43
76085 76153 43
76102 76092 43
76124 76481 43
76184 76207 43
76199 76048 43
76199 282587 43
76238 76496 43
76260 2146237646 43
76461 76460 43
76550 76329 43
76573 76687 43
76600 2146237929 43
76609 282587 43
76724 76687 43
76731 2146237801 43
76732 76712 43
76812 2146237801 43
76935 76950 43
76938 77142 43
76974 971122 43
77036 77039 43
77076 2146237910 43
77110 77223 43
77182 77166 43
77227 77104 43
77229 77223 43
77317 77303 43
77342 77317 43
77428 77405 43
77433 77450 43
77511 2146237358 43
77548 77489 43
77559 77604 43
77579 77531 43
77579 77604 43
77688 77679 43
77872 77809 43
77872 78207 43
77877 77818 43
77910 77978 43
77956 77965 43
77965 77956 43
77965 1000002 43
77981 78019 43
78031 78105 43
78038 78049 43
78098 77907 43
78100 78072 43
78187 77850 43
78215 78539 43
78233 2146237375 43
78360 1000022 43
78583 78588 43
78599 78600 43
78611 78590 43
78615 78601 43
78649 78643 43
78654 78649 43
78679 78583 43
78851 78866 43
78898 971157 43
78903 78906 43
78911 1000026 43
78924 78992 43
78974 2146237907 43
79047 78922 43
79058 79022 43
79113 79078 43
79185 971169 43
79188 282637 43
79460 79409 43
79867 79914 43
80317 80332 43
80838 1000030 43
114071 114070 43
114108 76314 43
281929 73779 43
282618 282617 43
282637 79188 43
971157 114072 43
971158 78787 43
971196 971239 43
1000003 74232 43
1000005 73490 43
1000009 80283 43
1000017 73841 43
1000025 75815 43
1000034 75177 43
1000043 2146237393 43
1000045 971112 43
2146237645 1000047 43
2146237803 77511 43
2146237821 77448 43
2146237822 78388 43
2146237822 78623 43
2146237910 76838 43
2146237915 77693 43
2146237932 77303 43
73490 118611 44
73667 281914 44
74274 282571 44
74460 971173 44
74591 74460 44
74756 74723 44
74756 74918 44
74925 74915 44
75037 74973 44
75073 74984 44
75073 75155 44
75536 75589 44
75579 75533 44
75674 1000000 44
75775 75867 44
75778 75674 44
75815 1000025 44
75929 76156 44
76069 75961 44
76076 76092 44
76104 76103 44
76108 76138 44
76199 76048 44
76409 76299 44
76428 76442 44
76442 76599 44
76496 76462 44
76513 76617 44
76513 76694 44
76541 76299 44
76550 76329 44
76566 76787 44
76567 76574 44
76655 76874 44
76673 76300 44
76693 76694 44
76704 76735 44
76735 76704 44
76753 76735 44
76802 76791 44
76809 76801 44
76838 76844 44
76851 76838 44
76867 76862 44
76874 76759 44
76874 76949 44
76924 76929 44
76929 76995 44
76950 76705 44
77036 2146237802 44
77076 2146237908 44
77079 2146237802 44
77142 77007 44
77303 2146237932 44
77342 77559 44
77477 77561 44
77485 77577 44
77489 77469 44
77489 77531 44
77520 77481 44
77559 77639 44
77579 77624 44
77669 77742 44
77725 77738 44
77815 77930 44
77818 77877 44
77841 77821 44
77872 77820 44
77897 2146237375 44
77951 77872 44
77981 78019 44
78031 78105 44
78047 78019 44
78204 78205 44
78336 78500 44
78528 78429 44
78539 78743 44
78620 78623 44
78623 78619 44
78629 78853 44
78643 78641 44
78656 78726 44
78723 78679 44
78750 78903 44
78851 78827 44
78886 78845 44
78922 78925 44
79043 79029 44
79043 971176 44
79066 78974 44
79079 1000006 44
79106 79043 44
79617 2146237919 44
79914 79867 44
80332 282612 44
114070 114069 44
114070 114071 44
114092 971104 44
114120 971195 44
114427 114426 44
118611 73574 44
971108 80317 44
971175 114112 44
971200 73841 44
1000010 75659 44
1000018 78678 44
2146237802 76898 44
2146237908 77076 44
2146237919 79208 44
2146237928 74918 44
73469 73571 45
73806 73751 45
73961 73915 45
73978 114107 45
74723 74509 45
74861 74984 45
74918 74756 45
74946 74997 45
75037 74973 45
75213 1000027 45
75497 75627 45
75579 75533 45
75579 75634 45
75659 76103 45
76102 76112 45
76103 75659 45
76103 76104 45
76142 76144 45
76156 76124 45
76229 75996 45
76243 76156 45
76299 76409 45
76350 76300 45
76453 76462 45
76496 76238 45
76554 76759 45
76579 76617 45
76604 76824 45
76609 282587 45
76693 2146237801 45
76712 76566 45
76724 76687 45
76800 76795 45
76804 76694 45
76804 76819 45
76812 76814 45
76862 76867 45
76867 76862 45
76885 76824 45
76894 76885 45
76929 76712 45
76929 76924 45
77007 77142 45
77223 77227 45
77227 77104 45
77250 77469 45
77295 77424 45
77311 77401 45
77398 77401 45
77450 77231 45
77485 77433 45
77485 77577 45
77489 77469 45
77511 2146237358 45
77511 2146237803 45
77548 77489 45
77639 77559 45
77688 77883 45
77692 2146237366 45
77758 77887 45
77809 77872 45
77978 77910 45
78038 77930 45
78038 77933 45
78218 78066 45
78246 78049 45
78289 78217 45
78289 78336 45
78336 78066 45
78336 78388 45
78388 78336 45
78528 78549 45
78615 78601 45
78683 78673 45
78898 971066 45
78924 78856 45
78974 79079 45
78977 114072 45
79113 79078 45
79203 2146237819 45
79409 79460 45
79914 79867 45
113749 113750 45
114069 79029 45
114073 971070 45
114107 73978 45
114107 1000040 45
282569 282570 45
282586 76048 45
282599 78833 45
282610 282609 45
282610 282611 45
971066 78898 45
971112 1000045 45
971157 78898 45
971158 78787 45
971196 971123 45
971197 971171 45
1000014 79409 45
2146237375 77897 45
2146237802 77174 45
2146237803 77174 45
2146237806 76840 45
2146237815 77818 45
2146237822 2146237901 45
2146237930 77577 45
73501 73489 46
73571 73469 46
73607 113750 46
73642 73652 46
73682 73760 46
73961 73915 46
73972 74451 46
74274 282572 46
74809 74946 46
74970 75037 46
74984 75073 46
75073 74918 46
75131 75150 46
75150 75156 46
75213 75254 46
75279 75318 46
75318 74997 46
75497 282569 46
75536 75533 46
75579 75254 46
75797 75794 46
75867 75929 46
75962 76124 46
75990 76158 46
75990 76243 46
76108 76453 46
76142 76554 46
76243 76299 46
76329 76320 46
76354 76150 46
76513 76490 46
76531 76555 46
76600 2146237929 46
76617 76579 46
76673 76787 46
76687 76573 46
76694 76693 46
76704 76735 46
76705 76600 46
76712 76732 46
76727 76539 46
76757 76753 46
76787 76673 46
76802 76791 46
76809 76898 46
76814 76812 46
76844 2146237808 46
76921 76801 46
76924 76939 46
76938 76939 46
76939 76924 46
76950 76949 46
77056 77111 46
77142 77295 46
77166 77182 46
77182 77311 46
77229 77231 46
77303 2146237932 46
77342 77559 46
77405 77428 46
77481 77873 46
77692 2146237805 46
77758 77700 46
77850 77998 46
77883 2146237810 46
77897 77873 46
77965 77956 46
78047 78072 46
78049 78246 46
78066 77998 46
78072 78100 46
78158 78105 46
78289 78336 46
78360 1000022 46
78429 78528 46
78528 78429 46
78743 78539 46
78750 78903 46
78833 282599 46
78922 78925 46
78925 78929 46
78994 79188 46
79106 79043 46
79203 79169 46
79409 79460 46
79460 79208 46
79983 79991 46
80536 282616 46
113662 76898 46
113750 113751 46
114068 79078 46
114111 971110 46
280907 77250 46
282571 73934 46
282571 74274 46
282599 78833 46
282610 282611 46
282611 282610 46
971066 78898 46
971067 78750 46
971068 114074 46
971108 80317 46
971110 75354 46
971110 114111 46
971171 114109 46
971176 78886 46
1000001 76757 46
1000012 75837 46
1000018 78678 46
1000045 971112 46
1000047 2146237645 46
2146237032 971239 46
2146237358 77227 46
2146237467 1000044 46
2146237646 76192 46
2146237801 76693 46
2146237802 76898 46
2146237802 77079 46
2146237822 78388 46
2146237909 2146237800 46
2146237932 77303 46
73751 73934 47
73961 73978 47
74521 74451 47
74677 74713 47
74713 74760 47
74918 2146237928 47
74984 74861 47
75354 971110 47
75636 75659 47
75674 1000000 47
75835 75961 47
76076 75835 47
76150 76072 47
76153 2146237807 47
76207 76220 47
76220 76207 47
76229 76300 47
76230 76490 47
76244 76600 47
76300 76350 47
76300 76673 47
76354 76150 47
76354 76599 47
76442 76428 47
76448 76651 47
76481 76557 47
76490 76230 47
76496 76533 47
76496 2146237929 47
76513 76490 47
76550 76329 47
76566 76787 47
76567 76574 47
76574 76567 47
76600 2146237929 47
76604 76824 47
76651 76448 47
76651 76599 47
76700 971111 47
76767 2146237911 47
76809 76705 47
76840 2146237806 47
76872 76879 47
76916 76929 47
76938 76811 47
76949 76874 47
76954 76921 47
76955 76800 47
77174 77036 47
77182 77311 47
77405 77387 47
77448 2146237821 47
77481 77458 47
77531 77317 47
77679 77678 47
77787 77738 47
77873 77481 47
77897 77873 47
77897 2146237375 47
77956 77935 47
77978 78031 47
77998 78289 47
78019 77981 47
78031 77978 47
78049 78246 47
78217 78187 47
78289 78336 47
78336 78066 47
78392 78205 47
78620 78611 47
78623 78620 47
78679 2146237837 47
78683 78673 47
78771 78641 47
78924 78992 47
79043 114068 47
79079 78974 47
79574 2146237920 47
80264 114430 47
80283 112692 47
80317 971108 47
80760 1000020 47
112692 282618 47
113750 113749 47
114073 971070 47
114105 73677 47
114112 971175 47
114424 78673 47
114428 114427 47
282616 80536 47
971067 114074 47
971173 74460 47
971173 74694 47
1000020 80760 47
2146236900 77406 47
2146237032 971111 47
2146237375 77897 47
2146237467 80760 47
2146237822 78207 47
2146237907 78478 47
2146237909 77108 47
2146237915 77377 47
2146237915 77693 47
2146237921 79750 47
2146237931 78633 47
73571 281914 48
73652 73677 48
73751 73934 48
73904 1000016 48
73934 73751 48
74274 74460 48
74946 74809 48
74973 75037 48
75109 75156 48
75155 75279 48
75467 282581 48
75589 75614 48
75659 75636 48
75659 1000010 48
75835 75840 48
75840 75835 48
75937 75996 48
76076 76092 48
76124 75962 48
76124 76156 48
76138 76179 48
76142 76244 48
76150 76144 48
76179 76138 48
76187 76300 48
76230 76490 48
76260 2146237646 48
76300 76187 48
76460 76461 48
76462 76453 48
76541 76567 48
76541 76732 48
76609 76604 48
76617 76513 48
76634 76679 48
76651 76599 48
76724 76731 48
76795 76800 48
76811 76824 48
76811 76938 48
76824 76604 48
76844 2146237800 48
76862 76867 48
76894 76704 48
76926 76898 48
76938 76939 48
76939 76938 48
76950 76935 48
77056 77111 48
77110 77223 48
77231 77111 48
77303 77250 48
77342 2146237373 48
77377 77546 48
77387 77405 48
77398 77311 48
77401 77679 48
77434 77448 48
77458 77428 48
77493 77424 48
77577 2146237366 48
77579 77548 48
77614 77910 48
77688 77604 48
77787 77841 48
77818 77871 48
77870 77742 48
77873 78467 48
77877 77818 48
77930 77910 48
77933 78038 48
77989 78070 48
78031 78105 48
78102 78100 48
78336 78289 48
78528 78467 48
78601 78615 48
78623 112662 48
78629 78621 48
78643 78649 48
78683 78673 48
78715 114118 48
78750 78098 48
78787 78750 48
79185 971169 48
79203 79169 48
79204 282637 48
79574 2146237920 48
79649 79460 48
79983 79991 48
80283 1000009 48
80760 1000020 48
114111 971110 48
282572 282575 48
282608 282612 48
971067 114074 48
971068 114074 48
971176 79043 48
971195 79374 48
1000002 77965 48
1000009 80283 48
1000048 2146237928 48
2146237358 77511 48
2146237393 282361 48
2146237800 76819 48
2146237803 77511 48
2146237811 77548 48
2146237812 77450 48
2146237915 77377 48
2146237932 77303 48
73607 73751 49
73904 1000016 49
73934 282571 49
73961 114106 49
74232 1000003 49
74274 74096 49
74885 74824 49
74946 74809 49
74946 74997 49
74984 74861 49
75073 74984 49
75073 75155 49
75156 75150 49
75254 75213 49
75462 74970 49
75536 75589 49
75589 75536 49
75778 75794 49
75880 75766 49
75929 75867 49
75962 76124 49
76047 76072 49
76076 76092 49
76144 76150 49
76192 76179 49
76260 2146237646 49
76432 76531 49
76462 76801 49
76566 76787 49
76579 76260 49
76609 76634 49
76704 76679 49
76766 76687 49
76802 76811 49
76811 76802 49
76898 113662 49
76899 76916 49
76921 113662 49
76950 76935 49
76950 76949 49
76955 76974 49
76963 77076 49
77036 77174 49
77076 76963 49
77076 2146237908 49
77174 77406 49
77227 77104 49
77317 2146237908 49
77398 77401 49
77406 77174 49
77424 77295 49
77433 77485 49
77434 77520 49
77448 77401 49
77614 77520 49
77639 77559 49
77669 2146237812 49
77692 2146237366 49
77823 77561 49
77841 77821 49
77850 77758 49
77873 77907 49
77883 2146237810 49
77887 77758 49
77985 77989 49
78164 78158 49
78204 78038 49
78336 78388 49
78344 78373 49
78388 78218 49
78487 78641 49
78510 78673 49
78528 78467 49
78618 78743 49
78641 78771 49
78643 78641 49
78656 78673 49
78673 78656 49
78673 114424 49
78853 78903 49
78898 971157 49
78903 78750 49
78922 79047 49
78924 78856 49
78994 78969 49
78994 79188 49
79043 971176 49
79066 78974 49
79078 114068 49
79574 2146237920 49
79649 79750 49
79750 2146237921 49
80283 112692 49
80317 80283 49
80605 282620 49
80760 114092 49
112635 75835 49
114069 114070 49
114072 971157 49
114108 76260 49
114118 78833 49
114120 1000039 49
114588 1000041 49
282572 282575 49
282608 282612 49
282621 80605 49
282637 79204 49
971066 78898 49
971123 971196 49
971176 79043 49
971196 971239 49
971197 74694 49
1000033 80264 49
2146237373 77398 49
2146237375 77897 49
2146237803 77174 49
2146237807 76316 49
2146237920 2146237919 49
2146237921 79574 49
2146237931 78633 49
73571 73469 50
73574 73607 50
73642 971198 50
73667 73682 50
73677 73652 50
73682 73760 50
73751 73607 50
73915 73760 50
73961 114106 50
74055 73972 50
74460 971200 50
74694 971197 50
74970 75462 50
75150 75156 50
75164 282570 50
75589 75536 50
75627 75634 50
75631 112635 50
75636 75659 50
75775 282581 50
75778 75674 50
75794 75778 50
75794 113677 50
75880 75462 50
75962 75797 50
75988 75634 50
75990 2146237912 50
76108 2146237913 50
76153 76085 50
76156 76124 50
76156 76243 50
76229 76320 50
76316 2146237807 50
76409 76350 50
76432 76314 50
76448 76354 50
76462 76801 50
76579 76260 50
76604 76609 50
76687 76724 50
76693 76694 50
76712 76566 50
76759 76554 50
76791 76658 50
76802 76791 50
76809 76705 50
76809 76727 50
76824 76885 50
76840 2146237806 50
76851 76838 50
76872 76867 50
76879 76899 50
76898 76809 50
76926 76935 50
76929 76712 50
76935 76926 50
76949 76874 50
76950 76949 50
76995 76929 50
77047 77295 50
77104 77079 50
77104 77227 50
77111 77110 50
77182 77448 50
77189 1000015 50
77223 77110 50
77227 77223 50
77250 77303 50
77250 280907 50
77295 77434 50
77303 77489 50
77377 2146237804 50
77387 77405 50
77424 77295 50
77469 77250 50
77481 77873 50
77493 77520 50
77531 77489 50
77561 77823 50
77583 114112 50
77604 77688 50
77678 2146237821 50
77758 77700 50
77841 77821 50
77871 77989 50
77877 77818 50
77930 78038 50
77933 77930 50
78038 77930 50
78038 78204 50
78187 78217 50
78204 78038 50
78204 78205 50
78205 78204 50
78233 2146237375 50
78336 78289 50
78360 1000022 50
78487 78510 50
78539 78215 50
78583 78588 50
78599 78600 50
78615 78601 50
78618 78743 50
78629 78853 50
78633 2146237931 50
78678 1000018 50
78723 78679 50
78750 971067 50
78833 114118 50
78833 282599 50
78856 78924 50
78922 2146237837 50
78977 114072 50
79029 114069 50
79033 1000007 50
79060 114425 50
79078 79113 50
79188 78994 50
79203 79169 50
79617 79460 50
79617 79750 50
80175 2146237393 50
80536 112692 50
113662 76921 50
114105 1000038 50
282572 74274 50
282621 80605 50
971070 114073 50
971103 971108 50
971157 78898 50
971173 74694 50
1000004 74861 50
1000011 75631 50
1000034 75177 50
1000035 80175 50
1000046 971170 50
2146237032 971111 50
2146237801 2146237900 50
2146237809 2146237810 50
