# Synthetic Temporal Directed Graph
# Generated from: /Users/mehdi/Desktop/Network_Analysis/TSD/data/berlin-prenzlauerberg-center_edges.txt
# source = 139
# target = 136
# deadline = 25
# deadline_note = paper_deadline: L0=3, mult=3, cap_T=50, min_frac=0.5
# max_timestamp = 50
# T (horizon) = 50
# phase1_paths_extracted = 2
# phase1_aligned_runs_range = (4, 8)
# phase1_step = 2
# phase2_noise_k_range = (2, 5)
# u v t
5 184 1
8 328 1
10 298 1
11 310 1
14 122 1
16 102 1
23 131 1
27 68 1
27 85 1
29 252 1
33 273 1
36 341 1
37 162 1
39 40 1
45 46 1
50 40 1
52 20 1
53 20 1
65 66 1
67 65 1
104 106 1
109 120 1
112 171 1
125 127 1
130 134 1
139 34 1
139 132 1
139 140 1
144 19 1
153 194 1
164 163 1
170 204 1
172 167 1
172 171 1
181 182 1
183 185 1
184 180 1
185 297 1
198 319 1
202 203 1
213 117 1
213 218 1
223 222 1
231 211 1
232 233 1
235 202 1
236 307 1
239 165 1
241 242 1
242 241 1
245 2 1
251 26 1
256 266 1
257 30 1
265 266 1
266 29 1
273 49 1
280 7 1
283 336 1
284 23 1
292 37 1
292 163 1
295 10 1
301 295 1
303 304 1
307 310 1
320 3 1
343 346 1
1 294 2
6 333 2
10 299 2
15 122 2
15 124 2
15 125 2
17 219 2
18 50 2
19 350 2
26 254 2
27 251 2
30 258 2
32 158 2
41 39 2
84 255 2
103 95 2
106 91 2
113 108 2
125 15 2
139 34 2
144 143 2
147 326 2
151 174 2
155 210 2
157 32 2
158 32 2
162 37 2
173 177 2
174 33 2
190 243 2
208 209 2
228 58 2
235 3 2
236 308 2
265 29 2
273 33 2
275 276 2
276 277 2
290 9 2
325 328 2
327 8 2
336 335 2
340 7 2
347 256 2
11 236 3
11 295 3
15 125 3
21 238 3
22 134 3
29 252 3
30 341 3
33 273 3
34 160 3
35 336 3
43 228 3
46 51 3
49 18 3
50 18 3
51 44 3
58 52 3
68 69 3
83 80 3
87 88 3
91 79 3
111 141 3
112 171 3
113 118 3
121 126 3
122 14 3
122 15 3
130 22 3
138 131 3
139 34 3
139 132 3
143 92 3
143 144 3
145 8 3
146 19 3
154 42 3
165 183 3
171 172 3
172 167 3
183 185 3
183 306 3
204 172 3
207 209 3
214 164 3
223 246 3
224 217 3
235 320 3
242 187 3
251 27 3
254 251 3
258 337 3
259 342 3
283 336 3
290 9 3
299 10 3
300 11 3
335 35 3
4 67 4
7 278 4
7 281 4
9 237 4
15 122 4
18 50 4
20 144 4
27 251 4
31 111 4
34 160 4
37 291 4
46 57 4
51 274 4
58 52 4
59 329 4
86 101 4
88 138 4
101 159 4
103 95 4
139 34 4
140 166 4
146 19 4
154 155 4
172 171 4
186 187 4
187 242 4
212 244 4
221 88 4
228 249 4
247 150 4
264 265 4
267 262 4
276 277 4
291 292 4
298 10 4
326 325 4
330 331 4
334 58 4
336 335 4
341 30 4
2 243 5
8 328 5
9 237 5
9 289 5
10 298 5
19 350 5
26 251 5
27 68 5
31 141 5
34 160 5
35 335 5
45 208 5
68 69 5
101 102 5
103 99 5
106 16 5
108 115 5
143 144 5
144 20 5
159 333 5
160 136 5
161 162 5
177 330 5
182 181 5
184 180 5
193 192 5
194 196 5
196 233 5
214 215 5
222 223 5
229 228 5
236 308 5
237 9 5
237 290 5
239 245 5
240 239 5
246 212 5
256 253 5
266 29 5
290 288 5
293 296 5
294 185 5
310 11 5
316 311 5
326 325 5
327 324 5
341 260 5
341 337 5
1 294 6
12 96 6
15 123 6
18 50 6
19 143 6
22 130 6
33 174 6
34 160 6
50 40 6
55 59 6
58 52 6
67 64 6
67 65 6
125 15 6
129 87 6
131 23 6
136 137 6
138 131 6
150 148 6
155 142 6
160 136 6
173 349 6
185 297 6
187 242 6
206 231 6
214 164 6
233 188 6
241 214 6
243 240 6
258 260 6
260 257 6
266 252 6
268 270 6
280 7 6
282 35 6
283 336 6
287 289 6
296 1 6
301 295 6
303 304 6
304 4 6
305 303 6
310 308 6
311 312 6
324 275 6
328 145 6
330 329 6
337 338 6
340 151 6
2 242 7
3 320 7
5 184 7
9 290 7
10 295 7
17 224 7
20 52 7
21 284 7
31 110 7
31 141 7
45 46 7
48 49 7
55 59 7
79 74 7
83 84 7
123 15 7
130 22 7
137 23 7
145 313 7
149 147 7
155 154 7
156 339 7
160 136 7
163 164 7
167 113 7
177 173 7
181 5 7
182 181 7
183 306 7
187 14 7
218 227 7
228 249 7
229 47 7
235 193 7
258 30 7
268 35 7
271 266 7
285 338 7
295 11 7
299 301 7
304 4 7
306 302 7
311 312 7
316 315 7
3 235 8
4 67 8
9 289 8
13 77 8
14 123 8
15 125 8
20 52 8
23 284 8
26 254 8
32 159 8
33 178 8
51 274 8
53 20 8
53 54 8
56 45 8
58 59 8
62 64 8
76 92 8
80 81 8
95 87 8
95 124 8
102 41 8
111 141 8
131 21 8
139 25 8
142 141 8
144 143 8
152 144 8
160 136 8
181 184 8
185 161 8
195 202 8
213 117 8
214 164 8
226 224 8
235 320 8
238 21 8
242 241 8
252 29 8
254 251 8
257 30 8
265 266 8
268 35 8
274 278 8
277 146 8
294 185 8
296 294 8
314 38 8
320 3 8
323 190 8
325 8 8
333 330 8
342 347 8
347 258 8
2 245 9
6 331 9
11 295 9
13 75 9
21 238 9
21 284 9
27 68 9
29 264 9
29 265 9
47 82 9
53 90 9
56 45 9
106 16 9
110 31 9
117 112 9
121 126 9
130 134 9
137 136 9
139 25 9
144 19 9
150 147 9
156 339 9
187 186 9
203 232 9
209 206 9
235 202 9
252 29 9
254 26 9
255 261 9
258 36 9
266 252 9
266 271 9
268 335 9
270 268 9
270 269 9
271 256 9
274 278 9
281 7 9
283 336 9
295 164 9
308 300 9
311 314 9
329 173 9
330 331 9
9 290 10
20 53 10
20 144 10
23 137 10
25 135 10
26 283 10
31 110 10
31 119 10
32 100 10
35 282 10
37 291 10
40 42 10
40 155 10
62 64 10
66 60 10
69 75 10
85 84 10
100 32 10
113 118 10
119 109 10
120 118 10
121 126 10
128 129 10
136 23 10
139 22 10
139 25 10
141 154 10
142 119 10
144 173 10
145 8 10
149 317 10
164 239 10
172 170 10
173 152 10
184 5 10
185 161 10
193 192 10
200 235 10
206 230 10
212 214 10
220 225 10
227 219 10
257 36 10
282 35 10
295 11 10
315 316 10
320 352 10
325 328 10
329 173 10
337 338 10
347 258 10
350 247 10
6 331 11
10 301 11
16 104 11
19 143 11
22 132 11
23 284 11
25 135 11
42 100 11
50 40 11
64 199 11
96 12 11
104 16 11
111 119 11
113 118 11
122 15 11
123 14 11
139 25 11
140 139 11
141 154 11
143 19 11
143 144 11
151 174 11
156 67 11
162 37 11
170 204 11
173 6 11
179 327 11
181 5 11
194 196 11
195 202 11
206 231 11
215 216 11
225 17 11
226 224 11
227 219 11
230 46 11
264 29 11
269 254 11
274 278 11
282 334 11
288 286 11
294 1 11
300 298 11
308 300 11
309 351 11
315 317 11
320 352 11
347 256 11
25 135 12
26 249 12
33 174 12
36 258 12
37 292 12
40 155 12
54 53 12
54 55 12
55 59 12
76 92 12
79 68 12
82 83 12
91 79 12
104 106 12
122 14 12
128 129 12
131 137 12
132 22 12
135 72 12
139 25 12
140 166 12
141 31 12
158 159 12
162 37 12
164 165 12
170 181 12
172 167 12
174 39 12
182 181 12
186 14 12
186 187 12
187 190 12
200 235 12
209 206 12
209 234 12
214 164 12
222 221 12
230 46 12
236 307 12
255 27 12
258 337 12
270 268 12
276 277 12
284 137 12
290 9 12
299 301 12
302 196 12
306 322 12
309 351 12
310 11 12
310 308 12
314 311 12
324 275 12
332 229 12
334 58 12
341 36 12
344 343 12
1 296 13
7 278 13
7 280 13
7 281 13
10 295 13
11 310 13
14 122 13
16 100 13
16 102 13
18 57 13
25 135 13
32 158 13
36 258 13
40 155 13
41 39 13
46 57 13
49 50 13
57 18 13
65 66 13
74 86 13
88 94 13
95 124 13
112 113 13
115 116 13
125 15 13
134 22 13
135 72 13
139 25 13
143 19 13
143 92 13
144 143 13
145 151 13
149 317 13
151 174 13
157 158 13
158 32 13
159 101 13
164 214 13
165 183 13
169 5 13
170 204 13
172 171 13
177 330 13
189 185 13
196 195 13
200 3 13
214 215 13
219 17 13
222 223 13
232 233 13
237 290 13
251 26 13
251 27 13
271 256 13
282 334 13
321 302 13
344 343 13
346 345 13
4 304 14
5 184 14
15 125 14
16 100 14
22 132 14
25 135 14
30 258 14
33 39 14
33 178 14
49 18 14
51 274 14
53 54 14
58 52 14
63 62 14
72 71 14
74 85 14
75 13 14
86 91 14
87 223 14
94 99 14
103 99 14
118 218 14
125 127 14
135 72 14
144 143 14
159 101 14
164 239 14
170 5 14
170 181 14
179 145 14
183 185 14
185 297 14
194 196 14
197 198 14
206 230 14
238 21 14
245 2 14
255 27 14
263 267 14
284 21 14
287 289 14
288 9 14
292 163 14
302 196 14
322 181 14
329 173 14
333 6 14
335 282 14
339 172 14
341 260 14
350 19 14
2 243 15
4 304 15
7 281 15
15 124 15
20 53 15
23 131 15
25 135 15
30 260 15
37 291 15
48 49 15
58 59 15
59 329 15
72 71 15
80 81 15
84 43 15
86 101 15
94 95 15
100 16 15
100 104 15
101 102 15
106 16 15
110 31 15
112 113 15
119 109 15
124 125 15
135 72 15
147 326 15
161 162 15
190 183 15
200 3 15
219 220 15
221 88 15
231 211 15
233 188 15
236 11 15
241 214 15
264 29 15
267 262 15
272 248 15
284 21 15
298 237 15
317 315 15
325 8 15
330 332 15
4 67 16
5 181 16
7 280 16
8 325 16
9 289 16
16 104 16
18 230 16
20 152 16
22 130 16
22 139 16
26 283 16
44 45 16
50 18 16
60 61 16
71 78 16
72 71 16
76 92 16
79 68 16
92 89 16
95 124 16
102 16 16
116 168 16
118 117 16
124 125 16
135 72 16
136 137 16
139 140 16
144 20 16
152 144 16
155 210 16
158 159 16
161 162 16
162 163 16
164 239 16
165 183 16
167 113 16
170 5 16
181 182 16
181 184 16
194 196 16
207 209 16
209 226 16
219 220 16
224 17 16
229 228 16
235 193 16
249 283 16
257 30 16
261 269 16
264 267 16
265 29 16
269 270 16
273 49 16
291 37 16
292 37 16
292 163 16
293 296 16
296 294 16
301 10 16
310 11 16
316 315 16
330 329 16
341 36 16
1 183 17
6 177 17
7 280 17
8 145 17
9 288 17
16 102 17
19 144 17
20 53 17
31 111 17
36 260 17
37 291 17
41 178 17
49 51 17
53 54 17
59 229 17
71 78 17
72 71 17
96 12 17
108 115 17
115 116 17
135 72 17
164 239 17
178 33 17
178 175 17
179 327 17
210 206 17
225 17 17
225 206 17
230 18 17
233 188 17
238 21 17
255 261 17
258 30 17
260 341 17
266 264 17
290 288 17
291 292 17
300 295 17
333 6 17
336 335 17
5 169 18
10 295 18
11 310 18
12 93 18
16 102 18
20 144 18
21 131 18
21 136 18
22 134 18
26 254 18
27 251 18
30 260 18
32 157 18
33 39 18
35 268 18
35 335 18
64 199 18
68 27 18
71 78 18
72 71 18
78 73 18
87 88 18
91 79 18
94 99 18
102 16 18
114 121 18
116 168 18
121 126 18
122 110 18
125 127 18
139 22 18
153 156 18
154 42 18
157 32 18
164 165 18
181 170 18
203 202 18
219 17 18
230 18 18
255 261 18
257 30 18
258 36 18
263 264 18
264 267 18
267 262 18
269 270 18
290 288 18
291 37 18
299 10 18
306 302 18
314 38 18
319 318 18
320 352 18
323 190 18
335 268 18
347 256 18
5 169 19
6 173 19
8 145 19
14 123 19
17 225 19
23 131 19
30 257 19
32 100 19
35 268 19
37 161 19
37 292 19
44 45 19
53 20 19
54 55 19
59 329 19
63 62 19
68 27 19
71 78 19
72 71 19
78 73 19
79 68 19
102 41 19
110 31 19
111 119 19
118 218 19
123 122 19
127 122 19
157 32 19
163 292 19
187 14 19
202 200 19
207 209 19
209 226 19
223 222 19
229 47 19
236 11 19
243 240 19
247 150 19
249 26 19
256 266 19
268 335 19
275 276 19
280 281 19
291 37 19
294 185 19
297 1 19
300 298 19
302 196 19
312 316 19
313 280 19
315 316 19
317 315 19
324 275 19
325 328 19
7 340 20
9 288 20
16 100 20
19 144 20
19 146 20
21 238 20
26 283 20
27 255 20
30 257 20
30 341 20
33 273 20
37 161 20
50 49 20
71 78 20
73 70 20
75 13 20
78 73 20
87 88 20
88 94 20
116 114 20
119 116 20
121 126 20
123 14 20
123 122 20
134 22 20
134 140 20
138 131 20
144 20 20
147 275 20
162 37 20
163 292 20
164 163 20
170 321 20
177 173 20
179 145 20
181 182 20
183 1 20
190 183 20
212 214 20
214 215 20
218 213 20
220 17 20
233 306 20
235 202 20
236 11 20
273 33 20
279 44 20
280 281 20
281 7 20
284 137 20
301 295 20
305 303 20
307 310 20
328 145 20
340 151 20
341 36 20
344 343 20
6 333 21
9 289 21
21 131 21
30 260 21
32 159 21
39 33 21
52 53 21
53 90 21
67 4 21
71 78 21
73 70 21
74 85 21
74 86 21
75 13 21
78 73 21
79 68 21
85 27 21
89 54 21
117 112 21
139 132 21
145 313 21
156 67 21
158 32 21
161 37 21
168 169 21
185 183 21
187 2 21
187 190 21
214 215 21
235 202 21
239 245 21
258 36 21
262 270 21
270 269 21
278 340 21
298 10 21
304 156 21
312 316 21
321 302 21
330 329 21
341 36 21
3 318 22
23 136 22
26 249 22
29 264 22
38 314 22
50 49 22
57 50 22
59 229 22
70 28 22
73 70 22
75 77 22
78 73 22
86 91 22
103 95 22
104 106 22
114 111 22
117 112 22
124 15 22
127 122 22
134 22 22
136 23 22
141 31 22
142 119 22
153 156 22
154 155 22
157 32 22
164 163 22
170 181 22
172 167 22
179 327 22
180 114 22
181 170 22
187 190 22
190 187 22
192 153 22
204 172 22
208 209 22
212 244 22
213 117 22
224 217 22
255 27 22
260 36 22
261 269 22
268 335 22
271 266 22
288 9 22
295 11 22
299 298 22
302 305 22
320 352 22
336 35 22
340 151 22
349 179 22
4 156 23
5 170 23
7 278 23
12 93 23
15 124 23
15 125 23
29 264 23
30 258 23
43 228 23
45 208 23
52 53 23
54 53 23
70 28 23
73 70 23
78 73 23
84 82 23
100 32 23
136 21 23
136 23 23
141 142 23
142 141 23
144 143 23
147 275 23
148 149 23
152 20 23
153 156 23
168 169 23
170 181 23
173 6 23
175 176 23
177 6 23
182 181 23
183 306 23
190 182 23
205 50 23
228 58 23
246 212 23
253 344 23
268 269 23
268 270 23
280 7 23
280 281 23
289 299 23
294 1 23
295 10 23
296 294 23
300 295 23
304 156 23
306 302 23
325 8 23
332 229 23
342 347 23
1 183 24
2 245 24
4 156 24
6 331 24
7 340 24
11 300 24
14 187 24
27 255 24
28 107 24
38 314 24
46 51 24
67 4 24
70 28 24
73 70 24
84 255 24
110 111 24
117 112 24
119 116 24
136 94 24
137 136 24
139 22 24
140 139 24
141 142 24
152 20 24
155 154 24
161 37 24
164 165 24
174 33 24
182 190 24
184 5 24
184 180 24
206 230 24
209 206 24
218 213 24
218 227 24
228 249 24
238 215 24
241 242 24
246 212 24
260 257 24
265 266 24
282 334 24
284 23 24
299 298 24
302 305 24
310 308 24
334 58 24
352 348 24
2 245 25
5 181 25
7 280 25
20 144 25
20 152 25
27 255 25
28 107 25
31 141 25
32 157 25
35 282 25
35 336 25
52 20 25
53 20 25
55 59 25
70 28 25
73 70 25
74 86 25
81 86 25
83 80 25
115 116 25
123 15 25
130 134 25
131 23 25
131 137 25
145 151 25
156 339 25
170 5 25
170 321 25
183 306 25
190 183 25
196 195 25
196 233 25
206 209 25
219 17 25
220 225 25
226 224 25
233 306 25
241 214 25
245 190 25
251 27 25
257 36 25
260 257 25
269 254 25
281 7 25
297 1 25
299 298 25
306 322 25
311 312 25
311 314 25
317 149 25
318 3 25
320 235 25
328 145 25
330 329 25
330 332 25
4 153 26
7 281 26
8 325 26
9 288 26
14 123 26
14 186 26
15 122 26
16 100 26
22 132 26
28 107 26
42 41 26
51 44 26
53 90 26
70 28 26
75 77 26
80 81 26
87 223 26
104 16 26
106 91 26
107 105 26
114 121 26
119 31 26
122 110 26
127 122 26
136 94 26
140 166 26
147 326 26
153 156 26
159 32 26
159 333 26
162 163 26
163 292 26
173 6 26
174 33 26
182 190 26
185 161 26
215 216 26
217 213 26
237 290 26
242 241 26
252 253 26
260 341 26
263 264 26
264 265 26
265 29 26
266 29 26
266 252 26
268 269 26
269 254 26
270 268 26
270 269 26
273 49 26
275 247 26
283 26 26
293 296 26
304 156 26
315 317 26
317 315 26
328 8 26
341 337 26
344 343 26
347 256 26
352 348 26
6 333 27
8 145 27
10 299 27
16 104 27
17 224 27
19 143 27
27 85 27
28 107 27
36 341 27
37 161 27
44 45 27
50 49 27
63 62 27
66 60 27
68 69 27
70 28 27
76 92 27
83 84 27
84 43 27
92 89 27
93 12 27
95 87 27
102 16 27
107 105 27
119 109 27
120 118 27
124 125 27
149 147 27
169 170 27
178 33 27
183 1 27
187 2 27
202 203 27
203 202 27
206 209 27
206 230 27
215 216 27
225 17 27
227 219 27
230 46 27
235 3 27
235 202 27
238 215 27
242 241 27
251 84 27
261 269 27
270 268 27
291 292 27
292 37 27
295 10 27
295 164 27
295 238 27
340 151 27
349 179 27
2 243 28
8 328 28
11 236 28
18 50 28
27 251 28
28 107 28
31 119 28
33 174 28
36 260 28
46 51 28
75 77 28
86 91 28
88 94 28
103 99 28
105 98 28
106 16 28
107 105 28
111 31 28
114 111 28
114 121 28
136 21 28
140 166 28
141 31 28
143 19 28
152 20 28
164 214 28
186 14 28
195 202 28
196 195 28
203 202 28
230 18 28
237 290 28
254 251 28
257 30 28
260 257 28
264 267 28
268 335 28
280 7 28
281 7 28
282 334 28
287 289 28
288 9 28
290 288 28
294 1 28
310 308 28
331 6 28
333 6 28
334 58 28
346 345 28
352 348 28
5 170 29
21 131 29
28 107 29
30 258 29
35 282 29
49 18 29
102 41 29
105 98 29
107 105 29
112 171 29
119 116 29
125 127 29
143 19 29
143 92 29
145 151 29
159 32 29
172 170 29
177 330 29
179 145 29
187 2 29
196 195 29
205 50 29
209 226 29
212 214 29
218 227 29
219 220 29
222 221 29
244 241 29
245 2 29
247 150 29
251 26 29
253 344 29
254 26 29
266 264 29
283 26 29
287 289 29
313 280 29
318 320 29
327 8 29
331 157 29
335 35 29
340 7 29
2 242 30
4 153 30
10 299 30
12 96 30
16 106 30
20 52 30
29 264 30
29 265 30
31 141 30
33 273 30
35 335 30
52 20 30
56 45 30
69 75 30
98 97 30
104 16 30
105 98 30
107 105 30
113 108 30
114 121 30
136 23 30
164 163 30
169 5 30
169 170 30
173 6 30
183 1 30
187 186 30
203 232 30
205 50 30
209 234 30
212 244 30
229 228 30
230 18 30
235 193 30
249 26 30
258 260 30
259 342 30
281 279 30
293 296 30
300 295 30
301 295 30
327 324 30
333 6 30
339 172 30
347 256 30
350 19 30
1 297 31
3 200 31
5 169 31
7 278 31
8 327 31
9 290 31
11 310 31
12 96 31
14 123 31
26 249 31
32 100 31
33 178 31
45 208 31
49 51 31
67 64 31
92 89 31
95 87 31
96 12 31
98 97 31
100 104 31
105 98 31
107 105 31
110 31 31
111 119 31
113 108 31
119 109 31
123 14 31
131 137 31
138 131 31
140 139 31
150 148 31
151 176 31
155 142 31
159 333 31
162 37 31
177 6 31
181 170 31
183 185 31
190 243 31
207 209 31
211 155 31
216 222 31
219 220 31
226 224 31
239 165 31
258 260 31
264 263 31
265 29 31
266 264 31
275 247 31
281 279 31
290 9 31
296 1 31
298 299 31
299 301 31
309 351 31
315 317 31
317 149 31
318 3 31
320 3 31
329 330 31
330 329 31
335 268 31
341 337 31
346 345 31
6 331 32
22 130 32
23 131 32
29 266 32
31 110 32
60 61 32
77 13 32
82 83 32
84 43 32
97 24 32
98 97 32
104 106 32
105 98 32
111 31 32
118 117 32
122 15 32
134 22 32
153 194 32
168 169 32
173 152 32
224 17 32
238 21 32
270 263 32
279 44 32
281 279 32
288 286 32
292 37 32
304 4 32
311 312 32
315 317 32
317 315 32
335 35 32
337 338 32
5 181 33
11 295 33
13 75 33
15 124 33
21 136 33
23 137 33
27 68 33
27 85 33
27 251 33
29 252 33
33 178 33
39 33 33
79 74 33
85 27 33
89 54 33
91 79 33
95 124 33
97 24 33
98 97 33
101 159 33
103 99 33
105 98 33
115 116 33
118 117 33
155 210 33
169 5 33
175 176 33
183 185 33
184 5 33
199 201 33
203 202 33
206 230 33
211 155 33
230 46 33
239 165 33
242 241 33
243 2 33
251 84 33
256 253 33
258 36 33
270 269 33
271 266 33
283 26 33
289 299 33
312 316 33
333 6 33
344 343 33
350 247 33
352 348 33
4 153 34
7 280 34
10 298 34
16 104 34
24 133 34
48 49 34
64 153 34
82 83 34
94 95 34
97 24 34
98 97 34
106 101 34
122 14 34
122 110 34
123 14 34
123 15 34
150 148 34
158 159 34
159 333 34
164 214 34
169 5 34
173 177 34
178 175 34
181 182 34
181 184 34
190 182 34
206 209 34
206 231 34
226 224 34
229 47 34
242 187 34
260 30 34
285 338 34
317 149 34
319 318 34
325 328 34
335 268 34
1 183 35
14 122 35
18 230 35
22 130 35
22 139 35
23 131 35
24 133 35
30 257 35
32 158 35
35 335 35
37 162 35
43 228 35
47 82 35
49 18 35
50 49 35
64 199 35
65 66 35
67 64 35
74 86 35
83 84 35
87 223 35
97 24 35
98 97 35
103 99 35
104 16 35
113 118 35
114 121 35
142 141 35
143 19 35
155 210 35
156 67 35
169 170 35
173 177 35
185 183 35
186 14 35
199 201 35
215 216 35
222 221 35
222 223 35
228 249 35
249 26 35
260 36 35
271 266 35
275 247 35
276 277 35
278 7 35
284 23 35
288 286 35
290 288 35
296 294 35
299 301 35
328 145 35
333 330 35
338 271 35
349 179 35
2 242 36
3 200 36
8 327 36
8 328 36
9 288 36
13 77 36
15 123 36
17 220 36
17 224 36
17 225 36
19 146 36
21 238 36
24 133 36
26 251 36
27 255 36
30 341 36
35 282 36
36 257 36
36 258 36
47 82 36
58 52 36
67 64 36
79 68 36
93 12 36
97 24 36
100 16 36
120 118 36
124 125 36
128 129 36
133 136 36
144 173 36
155 210 36
156 4 36
156 339 36
167 113 36
176 177 36
177 6 36
179 145 36
183 323 36
184 180 36
188 189 36
193 192 36
204 172 36
205 50 36
207 209 36
222 221 36
223 246 36
225 206 36
229 228 36
231 211 36
240 239 36
258 337 36
288 9 36
292 163 36
296 1 36
300 11 36
301 10 36
314 311 36
325 328 36
335 268 36
340 7 36
347 258 36
351 310 36
1 297 37
2 187 37
5 169 37
9 237 37
18 57 37
19 350 37
23 284 37
24 133 37
30 258 37
39 48 37
52 53 37
57 50 37
84 82 37
89 54 37
97 24 37
118 117 37
133 136 37
137 139 37
141 31 37
141 142 37
144 20 37
149 147 37
153 4 37
170 321 37
171 172 37
202 200 37
206 209 37
209 234 37
214 164 37
233 306 37
240 239 37
252 253 37
255 27 37
263 264 37
266 271 37
268 270 37
289 9 37
298 299 37
299 301 37
320 3 37
10 295 38
11 236 38
13 75 38
17 224 38
18 230 38
19 143 38
24 133 38
33 39 38
33 273 38
37 161 38
46 57 38
64 153 38
81 86 38
83 80 38
109 120 38
110 111 38
111 141 38
119 116 38
131 23 38
133 136 38
139 22 38
148 149 38
150 147 38
162 163 38
173 6 38
173 177 38
183 323 38
187 186 38
196 233 38
202 200 38
218 227 38
222 223 38
235 320 38
239 245 38
258 260 38
266 271 38
268 269 38
271 256 38
275 247 38
275 276 38
289 9 38
294 185 38
295 10 38
311 312 38
318 3 38
320 3 38
322 181 38
323 190 38
333 330 38
7 281 39
14 186 39
15 124 39
16 106 39
17 225 39
20 152 39
21 284 39
24 133 39
32 157 39
36 341 39
40 42 39
46 57 39
49 18 39
50 18 39
69 75 39
92 89 39
111 119 39
112 113 39
113 108 39
122 110 39
133 136 39
137 139 39
153 4 39
154 42 39
158 159 39
161 162 39
163 236 39
164 163 39
176 179 39
177 330 39
181 5 39
182 181 39
185 161 39
192 153 39
195 202 39
206 231 39
210 206 39
233 306 39
251 84 39
258 260 39
260 341 39
261 269 39
270 263 39
279 44 39
282 35 39
338 271 39
349 179 39
351 310 39
3 200 40
8 328 40
20 52 40
22 139 40
26 254 40
31 119 40
39 48 40
45 46 40
50 18 40
54 53 40
74 86 40
87 223 40
99 103 40
100 16 40
101 106 40
113 118 40
116 114 40
133 136 40
136 21 40
138 131 40
142 141 40
145 8 40
153 4 40
153 156 40
165 183 40
172 171 40
181 184 40
208 209 40
212 214 40
222 221 40
236 307 40
238 21 40
245 190 40
251 26 40
251 27 40
259 342 40
262 270 40
264 263 40
264 265 40
268 35 40
268 269 40
271 266 40
274 278 40
277 146 40
278 7 40
284 23 40
299 10 40
304 156 40
320 235 40
325 8 40
329 330 40
1 296 41
4 67 41
7 340 41
10 295 41
11 295 41
12 96 41
17 219 41
29 264 41
30 341 41
31 111 41
59 229 41
59 329 41
66 60 41
76 92 41
79 74 41
132 22 41
133 136 41
145 8 41
145 313 41
156 339 41
170 321 41
176 179 41
187 190 41
191 235 41
205 50 41
209 226 41
211 155 41
217 213 41
221 88 41
238 215 41
240 239 41
251 26 41
254 251 41
260 36 41
266 29 41
266 271 41
268 270 41
269 270 41
273 33 41
285 338 41
287 289 41
302 196 41
313 280 41
314 311 41
316 311 41
333 330 41
335 268 41
341 260 41
347 258 41
349 179 41
2 243 42
6 173 42
14 122 42
15 123 42
17 225 42
32 157 42
42 41 42
54 55 42
59 329 42
63 62 42
75 77 42
79 74 42
117 112 42
123 14 42
123 15 42
123 122 42
125 15 42
136 137 42
147 275 42
148 149 42
161 162 42
164 239 42
169 170 42
173 177 42
174 39 42
180 114 42
185 183 42
190 183 42
191 235 42
220 17 42
220 225 42
221 88 42
238 215 42
252 253 42
258 36 42
260 36 42
262 270 42
264 263 42
268 269 42
270 263 42
280 281 42
283 336 42
284 21 42
289 299 42
295 11 42
295 238 42
310 11 42
313 280 42
330 331 42
335 35 42
336 35 42
340 7 42
3 235 43
8 327 43
9 289 43
9 290 43
10 301 43
19 146 43
30 341 43
31 111 43
49 50 43
52 53 43
81 86 43
100 16 43
140 166 43
144 19 43
151 176 43
161 37 43
175 176 43
185 183 43
187 190 43
198 319 43
206 231 43
223 222 43
225 17 43
229 228 43
232 233 43
243 240 43
244 241 43
260 257 43
262 270 43
264 267 43
271 256 43
277 146 43
289 9 43
298 10 43
312 316 43
344 347 43
346 345 43
1 294 44
1 296 44
7 278 44
11 300 44
13 77 44
15 122 44
21 238 44
29 266 44
37 161 44
37 162 44
41 39 44
42 41 44
64 199 44
80 81 44
87 223 44
101 106 44
106 16 44
110 31 44
114 111 44
125 15 44
128 129 44
131 21 44
134 140 44
144 19 44
155 154 44
156 67 44
159 333 44
178 175 44
185 297 44
190 182 44
196 195 44
229 47 44
237 9 44
242 2 44
243 2 44
256 266 44
257 36 44
258 337 44
263 267 44
264 263 44
282 334 44
295 164 44
298 237 44
314 38 44
323 190 44
331 157 44
5 169 45
6 333 45
20 53 45
26 283 45
33 39 45
36 257 45
55 59 45
57 18 45
64 153 45
64 199 45
84 43 45
85 84 45
86 91 45
89 54 45
101 102 45
103 95 45
112 171 45
120 118 45
124 15 45
127 122 45
129 87 45
146 19 45
151 174 45
155 142 45
156 67 45
167 113 45
168 169 45
172 170 45
176 177 45
188 189 45
190 187 45
204 172 45
213 117 45
223 222 45
236 11 45
241 214 45
242 2 45
246 212 45
251 27 45
252 29 45
258 337 45
266 264 45
270 263 45
275 247 45
277 146 45
279 44 45
288 9 45
305 303 45
329 173 45
329 330 45
330 332 45
331 6 45
344 347 45
2 187 46
3 320 46
8 145 46
9 290 46
10 298 46
15 122 46
18 49 46
18 230 46
21 284 46
22 130 46
31 141 46
36 260 46
39 48 46
42 100 46
43 228 46
53 20 46
53 90 46
54 55 46
65 66 46
67 64 46
75 13 46
80 81 46
88 138 46
94 95 46
99 103 46
101 106 46
111 31 46
118 117 46
119 31 46
131 23 46
142 119 46
148 149 46
154 42 46
159 32 46
165 183 46
170 204 46
176 179 46
178 33 46
179 327 46
196 233 46
230 18 46
256 266 46
263 267 46
278 340 46
294 1 46
304 4 46
310 11 46
328 8 46
329 330 46
341 30 46
351 310 46
1 296 47
9 288 47
14 186 47
16 102 47
18 50 47
23 136 47
35 282 47
35 336 47
45 208 47
95 124 47
96 12 47
106 101 47
110 111 47
111 141 47
114 111 47
124 125 47
125 127 47
144 19 47
148 149 47
157 158 47
164 165 47
172 170 47
174 33 47
177 6 47
182 190 47
201 197 47
216 222 47
220 225 47
228 58 47
240 239 47
260 30 47
268 270 47
269 270 47
319 318 47
329 330 47
330 332 47
333 330 47
4 153 48
4 304 48
6 177 48
17 225 48
19 350 48
23 136 48
27 255 48
67 65 48
77 13 48
99 103 48
100 104 48
108 115 48
111 31 48
122 110 48
134 22 48
136 94 48
136 137 48
139 140 48
141 31 48
151 176 48
153 4 48
163 164 48
163 236 48
170 181 48
185 183 48
196 233 48
212 214 48
215 216 48
235 193 48
254 251 48
255 261 48
263 264 48
267 262 48
270 263 48
274 278 48
288 286 48
298 10 48
302 196 48
314 311 48
318 320 48
326 325 48
330 331 48
343 346 48
1 183 49
3 320 49
9 237 49
10 298 49
14 187 49
17 224 49
20 144 49
22 132 49
41 39 49
41 178 49
42 41 49
45 208 49
50 49 49
52 20 49
83 80 49
100 104 49
102 41 49
114 111 49
122 14 49
136 21 49
137 23 49
151 176 49
152 144 49
163 292 49
173 349 49
181 184 49
190 183 49
190 243 49
192 153 49
197 198 49
211 155 49
221 88 49
222 223 49
223 222 49
252 29 49
258 30 49
266 264 49
268 335 49
272 248 49
279 44 49
294 1 49
295 11 49
301 295 49
310 308 49
321 302 49
331 6 49
334 58 49
336 335 49
340 7 49
1 294 50
3 318 50
4 67 50
5 184 50
10 299 50
17 220 50
18 49 50
19 350 50
23 137 50
33 174 50
36 258 50
39 40 50
39 48 50
46 57 50
51 44 50
52 53 50
60 61 50
79 74 50
84 43 50
84 82 50
87 88 50
91 79 50
94 95 50
102 41 50
106 91 50
111 31 50
120 118 50
122 14 50
127 122 50
130 22 50
137 139 50
141 154 50
152 144 50
155 154 50
156 4 50
159 101 50
171 172 50
172 171 50
174 33 50
177 6 50
179 145 50
187 14 50
187 186 50
188 189 50
189 185 50
201 197 50
209 206 50
209 226 50
213 218 50
214 215 50
224 217 50
225 17 50
229 47 50
245 2 50
247 150 50
249 283 50
255 27 50
260 36 50
284 21 50
290 9 50
298 10 50
298 237 50
304 4 50
311 314 50
315 317 50
325 8 50
330 331 50
335 282 50
341 260 50
