# Synthetic Temporal Directed Graph
# Generated from: /Users/mehdi/Desktop/Network_Analysis/TSD/data/barcelona_edges.txt
# source = 322
# target = 849
# deadline = 25
# deadline_note = paper_deadline: L0=2, mult=3, cap_T=50, min_frac=0.5
# max_timestamp = 50
# T (horizon) = 50
# phase1_paths_extracted = 9
# phase1_aligned_runs_range = (4, 8)
# phase1_step = 2
# phase2_noise_k_range = (2, 5)
# u v t
7 274 1
12 217 1
15 228 1
17 621 1
21 915 1
24 838 1
34 870 1
36 763 1
36 788 1
37 458 1
41 866 1
43 668 1
44 450 1
45 522 1
50 700 1
52 659 1
54 979 1
55 251 1
62 653 1
63 902 1
96 1005 1
99 1006 1
106 849 1
208 277 1
210 212 1
216 217 1
216 224 1
221 230 1
228 225 1
237 211 1
241 574 1
243 232 1
243 244 1
252 257 1
253 266 1
254 267 1
255 33 1
262 253 1
263 979 1
268 252 1
268 269 1
273 278 1
278 292 1
278 310 1
280 283 1
281 202 1
283 7 1
283 284 1
284 283 1
287 32 1
289 270 1
293 292 1
294 285 1
300 299 1
301 4 1
306 3 1
308 306 1
309 311 1
310 278 1
315 305 1
315 314 1
316 311 1
322 76 1
322 81 1
322 82 1
322 318 1
322 844 1
325 323 1
331 335 1
345 354 1
353 287 1
356 32 1
356 417 1
356 423 1
360 357 1
360 428 1
361 430 1
373 372 1
382 405 1
387 410 1
390 391 1
404 376 1
408 414 1
409 386 1
419 418 1
422 394 1
423 356 1
432 435 1
434 432 1
441 281 1
442 443 1
445 339 1
448 338 1
450 492 1
452 420 1
457 507 1
462 498 1
466 487 1
469 210 1
469 545 1
472 509 1
476 471 1
488 436 1
489 484 1
500 503 1
506 507 1
509 473 1
509 510 1
510 564 1
523 530 1
529 565 1
534 542 1
534 573 1
538 539 1
549 552 1
555 554 1
563 716 1
569 568 1
582 558 1
584 583 1
590 554 1
607 596 1
613 612 1
616 615 1
617 19 1
628 630 1
628 642 1
638 626 1
643 896 1
648 710 1
652 650 1
653 62 1
669 722 1
670 536 1
673 664 1
688 736 1
703 729 1
712 653 1
724 728 1
735 734 1
744 743 1
751 752 1
758 35 1
760 761 1
765 975 1
771 759 1
778 776 1
785 403 1
786 769 1
795 794 1
796 815 1
800 388 1
802 801 1
811 767 1
812 798 1
823 23 1
828 852 1
839 845 1
840 845 1
845 840 1
861 863 1
881 871 1
884 633 1
887 261 1
890 898 1
891 251 1
900 897 1
914 912 1
921 936 1
928 927 1
928 1005 1
933 935 1
937 18 1
939 926 1
940 73 1
946 912 1
959 960 1
961 33 1
966 971 1
974 968 1
983 986 1
984 988 1
985 71 1
988 989 1
992 57 1
992 987 1
1001 1002 1
1005 92 1
1006 941 1
1009 248 1
1013 947 1
1018 259 1
1 316 2
9 277 2
15 533 2
21 943 2
23 835 2
23 836 2
27 317 2
28 328 2
30 340 2
35 966 2
36 796 2
37 349 2
40 883 2
47 887 2
71 985 2
94 999 2
97 999 2
108 849 2
209 208 2
222 225 2
224 230 2
227 603 2
229 227 2
232 231 2
232 233 2
236 226 2
244 245 2
245 244 2
258 887 2
265 259 2
276 314 2
281 7 2
281 272 2
300 316 2
305 321 2
306 301 2
306 310 2
314 276 2
322 76 2
322 81 2
322 844 2
334 325 2
335 321 2
340 325 2
342 408 2
346 326 2
365 448 2
372 371 2
395 493 2
406 343 2
417 412 2
420 415 2
424 427 2
424 452 2
441 281 2
450 507 2
453 468 2
454 213 2
456 8 2
465 484 2
466 459 2
472 462 2
479 518 2
485 470 2
492 506 2
502 503 2
506 507 2
515 514 2
519 484 2
522 45 2
525 595 2
528 548 2
532 571 2
534 531 2
535 589 2
552 522 2
552 558 2
562 673 2
566 565 2
585 53 2
587 561 2
589 535 2
589 721 2
602 16 2
603 606 2
608 607 2
610 614 2
612 611 2
617 618 2
621 596 2
622 623 2
625 653 2
626 640 2
632 637 2
637 632 2
661 647 2
665 677 2
666 717 2
670 536 2
688 689 2
690 694 2
691 724 2
700 701 2
707 708 2
711 714 2
716 676 2
718 717 2
724 728 2
725 590 2
726 682 2
766 777 2
771 758 2
776 762 2
777 676 2
781 782 2
787 788 2
807 461 2
810 789 2
814 795 2
817 818 2
823 23 2
827 820 2
829 823 2
829 852 2
830 821 2
830 847 2
831 826 2
832 833 2
836 23 2
836 824 2
854 827 2
861 863 2
862 873 2
863 876 2
865 866 2
869 35 2
873 886 2
893 892 2
898 899 2
902 630 2
906 904 2
908 909 2
909 901 2
916 915 2
916 934 2
922 927 2
927 940 2
934 933 2
935 936 2
942 926 2
945 912 2
952 982 2
953 949 2
956 957 2
957 954 2
965 964 2
969 966 2
979 54 2
979 257 2
988 997 2
991 981 2
991 982 2
992 980 2
995 1000 2
995 1001 2
999 97 2
1001 995 2
1005 96 2
1007 100 2
1009 98 2
1017 836 2
1018 645 2
1020 304 2
17 608 3
18 946 3
23 836 3
32 287 3
33 255 3
37 458 3
38 262 3
41 866 3
42 666 3
49 625 3
51 655 3
51 706 3
53 525 3
53 664 3
60 896 3
64 925 3
70 904 3
73 928 3
74 842 3
76 849 3
81 848 3
102 1009 3
106 849 3
109 849 3
206 486 3
207 201 3
207 209 3
210 12 3
215 207 3
216 217 3
219 223 3
221 218 3
223 217 3
224 228 3
228 15 3
238 235 3
242 238 3
243 244 3
253 262 3
253 266 3
264 256 3
265 258 3
269 257 3
274 7 3
274 433 3
279 428 3
285 277 3
290 1 3
292 293 3
295 296 3
296 300 3
309 311 3
314 276 3
320 340 3
321 335 3
322 76 3
322 81 3
322 86 3
322 844 3
339 28 3
354 425 3
368 400 3
372 374 3
378 379 3
386 353 3
389 801 3
390 382 3
393 37 3
394 395 3
404 405 3
422 421 3
423 424 3
424 6 3
428 360 3
436 363 3
450 44 3
450 492 3
455 520 3
457 490 3
459 464 3
461 508 3
463 213 3
473 44 3
474 517 3
477 427 3
491 467 3
497 450 3
513 512 3
522 529 3
530 541 3
535 589 3
541 542 3
554 521 3
559 560 3
570 569 3
591 595 3
600 601 3
601 16 3
616 617 3
627 624 3
628 642 3
629 62 3
629 632 3
635 634 3
640 52 3
642 61 3
647 753 3
653 712 3
656 654 3
658 672 3
662 693 3
668 690 3
671 698 3
680 685 3
681 660 3
681 682 3
684 683 3
685 684 3
693 692 3
693 734 3
694 696 3
695 691 3
705 640 3
709 648 3
715 819 3
718 678 3
724 725 3
724 728 3
758 786 3
760 761 3
761 781 3
764 780 3
766 818 3
768 790 3
769 786 3
775 868 3
780 812 3
781 782 3
785 403 3
786 769 3
791 764 3
799 813 3
806 805 3
827 820 3
831 22 3
831 249 3
837 835 3
842 322 3
844 850 3
849 75 3
849 106 3
854 857 3
858 33 3
860 872 3
864 869 3
864 875 3
869 761 3
876 862 3
884 633 3
885 41 3
885 884 3
886 634 3
899 888 3
901 906 3
902 900 3
904 70 3
906 901 3
908 909 3
913 920 3
915 21 3
922 948 3
938 942 3
946 592 3
956 951 3
959 960 3
965 970 3
967 970 3
973 972 3
979 992 3
980 992 3
984 982 3
985 71 3
987 993 3
994 67 3
1003 68 3
1007 1006 3
1020 306 3
6 456 4
10 214 4
11 207 4
15 538 4
21 943 4
28 328 4
31 448 4
36 796 4
39 254 4
44 455 4
50 623 4
53 585 4
60 896 4
60 900 4
72 951 4
74 321 4
76 849 4
81 848 4
92 1006 4
94 999 4
217 216 4
224 228 4
229 232 4
243 232 4
255 881 4
256 266 4
267 879 4
272 285 4
276 290 4
288 279 4
299 297 4
302 304 4
306 310 4
314 316 4
319 317 4
322 76 4
322 81 4
322 86 4
322 844 4
334 319 4
337 336 4
339 367 4
340 325 4
344 378 4
351 340 4
355 356 4
358 357 4
359 358 4
364 338 4
377 378 4
382 406 4
388 343 4
390 382 4
397 370 4
397 372 4
402 373 4
411 416 4
414 419 4
421 474 4
423 424 4
431 449 4
447 381 4
456 6 4
463 486 4
464 517 4
472 509 4
481 471 4
491 494 4
492 451 4
501 510 4
512 496 4
543 540 4
551 45 4
564 563 4
569 541 4
579 595 4
580 578 4
583 580 4
584 587 4
587 588 4
593 606 4
606 593 4
608 600 4
608 607 4
609 608 4
613 612 4
618 619 4
626 658 4
629 625 4
630 628 4
644 635 4
648 710 4
676 715 4
679 42 4
690 691 4
691 724 4
696 745 4
703 729 4
710 711 4
722 590 4
729 662 4
736 739 4
747 697 4
754 755 4
755 672 4
757 705 4
758 364 4
761 781 4
771 758 4
772 810 4
777 778 4
788 790 4
799 813 4
804 458 4
807 461 4
810 773 4
817 762 4
818 777 4
819 807 4
822 837 4
823 829 4
823 830 4
824 825 4
830 823 4
832 324 4
840 821 4
844 850 4
857 854 4
861 870 4
862 873 4
863 876 4
878 879 4
879 267 4
879 877 4
883 887 4
886 634 4
896 902 4
898 899 4
906 904 4
906 910 4
916 20 4
921 938 4
922 927 4
924 923 4
926 942 4
937 936 4
943 915 4
945 912 4
946 912 4
947 1011 4
949 953 4
951 952 4
957 953 4
969 964 4
979 55 4
986 980 4
991 981 4
1005 96 4
4 306 5
12 217 5
13 211 5
15 228 5
15 538 5
30 340 5
35 758 5
36 788 5
39 880 5
43 688 5
50 652 5
64 925 5
76 849 5
81 848 5
86 849 5
92 1005 5
94 263 5
96 1006 5
99 1005 5
219 223 5
222 217 5
233 243 5
235 226 5
248 249 5
252 268 5
254 267 5
260 259 5
260 898 5
261 48 5
269 268 5
273 277 5
277 273 5
281 7 5
282 274 5
282 360 5
283 280 5
283 437 5
287 286 5
293 294 5
301 4 5
314 315 5
316 1 5
316 300 5
322 85 5
322 86 5
322 844 5
325 340 5
328 1014 5
334 319 5
335 322 5
342 382 5
343 404 5
349 37 5
355 356 5
362 438 5
366 338 5
367 365 5
370 400 5
382 406 5
388 442 5
395 396 5
396 422 5
403 404 5
409 386 5
409 410 5
415 342 5
416 387 5
419 424 5
424 423 5
431 436 5
433 280 5
433 434 5
434 432 5
435 360 5
443 389 5
446 379 5
451 495 5
455 44 5
467 504 5
476 568 5
477 452 5
489 488 5
490 805 5
513 512 5
515 500 5
516 476 5
523 542 5
530 541 5
533 573 5
536 561 5
542 523 5
542 534 5
558 557 5
563 501 5
565 502 5
583 582 5
585 53 5
592 946 5
597 229 5
602 605 5
619 618 5
622 623 5
623 622 5
623 636 5
625 653 5
629 632 5
632 630 5
635 634 5
640 626 5
641 642 5
649 665 5
653 625 5
660 680 5
665 677 5
666 42 5
669 722 5
680 660 5
681 660 5
699 673 5
707 708 5
713 714 5
725 726 5
733 689 5
737 732 5
745 703 5
746 745 5
748 755 5
761 781 5
764 36 5
778 776 5
786 769 5
788 36 5
798 799 5
802 801 5
814 815 5
817 762 5
824 821 5
824 1016 5
827 854 5
832 27 5
835 821 5
844 850 5
848 849 5
850 843 5
854 827 5
857 858 5
864 869 5
866 665 5
871 880 5
881 880 5
887 883 5
889 980 5
890 898 5
891 890 5
900 909 5
903 639 5
909 901 5
913 943 5
914 18 5
914 912 5
914 946 5
915 21 5
916 932 5
917 935 5
918 619 5
919 19 5
919 931 5
929 920 5
929 930 5
929 1008 5
940 73 5
951 952 5
952 951 5
954 957 5
963 860 5
976 971 5
979 55 5
980 889 5
988 989 5
993 1000 5
995 981 5
1002 68 5
1007 92 5
1007 99 5
1015 825 5
1 316 6
18 937 6
22 831 6
28 328 6
30 286 6
33 961 6
41 885 6
52 659 6
57 1003 6
60 896 6
63 902 6
63 908 6
76 849 6
81 848 6
86 849 6
209 208 6
210 211 6
211 237 6
213 214 6
215 207 6
226 238 6
229 597 6
244 246 6
255 33 6
256 266 6
265 264 6
269 257 6
279 282 6
284 281 6
286 30 6
295 275 6
296 295 6
301 3 6
302 303 6
308 306 6
309 308 6
309 311 6
311 316 6
318 332 6
322 82 6
322 85 6
322 86 6
322 318 6
323 324 6
323 833 6
325 29 6
326 325 6
333 332 6
336 758 6
336 1016 6
340 399 6
341 346 6
349 395 6
362 434 6
377 383 6
380 447 6
395 493 6
396 464 6
405 408 6
424 427 6
431 449 6
458 37 6
461 457 6
468 487 6
470 463 6
487 483 6
499 493 6
505 506 6
508 462 6
510 564 6
523 530 6
528 548 6
530 523 6
536 589 6
540 584 6
541 542 6
544 579 6
552 553 6
555 45 6
555 554 6
559 557 6
564 548 6
577 581 6
579 525 6
594 640 6
598 619 6
599 608 6
606 603 6
620 621 6
624 646 6
636 623 6
641 625 6
653 625 6
655 51 6
655 712 6
657 536 6
659 673 6
668 730 6
678 681 6
689 693 6
707 712 6
718 678 6
721 670 6
729 696 6
731 686 6
733 689 6
736 739 6
743 735 6
749 699 6
751 703 6
754 747 6
756 757 6
758 364 6
763 36 6
791 792 6
796 795 6
811 810 6
816 797 6
818 807 6
821 840 6
824 1016 6
826 820 6
828 822 6
829 834 6
839 826 6
844 850 6
848 849 6
849 103 6
849 109 6
850 843 6
873 879 6
874 965 6
876 878 6
878 879 6
882 862 6
889 269 6
900 60 6
908 909 6
922 939 6
923 64 6
924 923 6
929 920 6
936 929 6
946 18 6
947 1013 6
953 956 6
964 965 6
967 971 6
975 972 6
980 1002 6
982 984 6
989 988 6
992 987 6
993 1003 6
1004 986 6
1010 91 6
1014 448 6
2 302 7
5 298 7
7 274 7
14 244 7
16 602 7
24 855 7
31 405 7
32 356 7
39 873 7
39 880 7
50 700 7
51 710 7
57 1003 7
68 986 7
70 959 7
85 849 7
86 849 7
208 209 7
210 12 7
215 205 7
223 220 7
225 228 7
230 224 7
230 231 7
236 227 7
239 240 7
248 1009 7
251 55 7
252 268 7
253 262 7
256 264 7
270 271 7
276 290 7
277 285 7
280 274 7
296 291 7
302 2 7
304 1020 7
311 307 7
317 27 7
321 74 7
322 26 7
322 85 7
322 90 7
323 833 7
324 333 7
326 325 7
328 28 7
351 350 7
352 377 7
354 425 7
355 32 7
356 423 7
361 359 7
362 432 7
389 388 7
392 443 7
399 351 7
419 424 7
435 360 7
447 381 7
453 468 7
459 453 7
460 348 7
466 487 7
473 44 7
475 512 7
507 508 7
510 502 7
515 500 7
523 542 7
527 521 7
529 549 7
534 531 7
541 542 7
547 532 7
571 546 7
579 525 7
591 594 7
594 640 7
598 597 7
602 16 7
609 608 7
609 610 7
611 601 7
617 616 7
624 627 7
632 630 7
634 667 7
636 650 7
641 625 7
642 628 7
646 49 7
675 676 7
676 42 7
689 43 7
699 657 7
703 744 7
710 51 7
722 724 7
726 682 7
730 731 7
730 733 7
735 692 7
736 737 7
742 1018 7
760 35 7
762 865 7
767 36 7
770 773 7
776 762 7
777 675 7
777 778 7
795 794 7
798 804 7
803 37 7
807 806 7
821 830 7
822 837 7
823 829 7
823 836 7
824 821 7
827 24 7
827 820 7
828 852 7
836 823 7
838 24 7
838 820 7
843 849 7
844 850 7
848 849 7
850 843 7
855 857 7
856 852 7
858 961 7
876 866 7
887 883 7
890 48 7
890 891 7
898 260 7
901 906 7
902 903 7
914 912 7
915 943 7
916 934 7
919 19 7
919 918 7
921 938 7
933 920 7
934 943 7
935 936 7
948 947 7
955 948 7
957 954 7
961 858 7
961 963 7
980 1002 7
981 1004 7
983 70 7
984 982 7
986 59 7
990 984 7
1003 68 7
1011 959 7
5 310 8
6 456 8
13 211 8
19 617 8
19 919 8
23 836 8
31 405 8
34 967 8
35 966 8
41 761 8
41 875 8
53 585 8
55 251 8
56 889 8
58 888 8
59 986 8
61 642 8
67 995 8
68 1003 8
82 247 8
82 322 8
85 849 8
86 849 8
93 1006 8
102 1009 8
211 13 8
218 210 8
222 225 8
227 236 8
251 891 8
254 39 8
260 646 8
268 269 8
269 257 8
275 284 8
279 428 8
282 298 8
284 283 8
291 296 8
292 293 8
294 285 8
300 299 8
302 2 8
306 4 8
306 1020 8
316 300 8
318 334 8
322 26 8
322 77 8
322 85 8
322 90 8
327 331 8
331 335 8
333 317 8
334 332 8
339 448 8
344 383 8
347 32 8
351 350 8
353 287 8
354 425 8
359 356 8
367 365 8
371 398 8
373 372 8
378 379 8
386 354 8
394 392 8
397 372 8
400 401 8
403 404 8
408 407 8
410 411 8
420 419 8
421 420 8
443 389 8
448 339 8
450 492 8
450 507 8
453 459 8
454 213 8
459 453 8
461 508 8
463 213 8
464 517 8
467 504 8
469 210 8
474 8 8
475 453 8
480 8 8
482 569 8
483 205 8
496 497 8
500 503 8
524 536 8
533 219 8
536 589 8
538 15 8
551 556 8
553 523 8
588 589 8
592 946 8
593 600 8
605 593 8
610 618 8
625 641 8
631 899 8
638 637 8
645 636 8
652 50 8
655 629 8
659 673 8
662 693 8
664 53 8
665 649 8
666 678 8
671 698 8
680 679 8
684 683 8
689 43 8
701 702 8
705 658 8
706 707 8
710 711 8
712 655 8
716 527 8
741 680 8
746 745 8
753 754 8
754 755 8
755 672 8
764 780 8
765 975 8
767 791 8
774 811 8
787 769 8
790 770 8
796 36 8
803 816 8
804 803 8
809 800 8
823 829 8
829 823 8
830 823 8
837 835 8
843 849 8
845 839 8
848 849 8
850 843 8
854 852 8
857 854 8
868 869 8
875 41 8
889 59 8
895 892 8
901 905 8
904 903 8
911 925 8
914 18 8
917 937 8
919 918 8
921 938 8
922 948 8
929 1008 8
935 933 8
936 929 8
942 944 8
944 659 8
945 930 8
950 983 8
953 949 8
957 955 8
960 958 8
961 858 8
963 965 8
964 34 8
970 965 8
979 55 8
998 989 8
1000 993 8
1011 959 8
1012 904 8
1016 1017 8
3 301 9
8 456 9
18 914 9
18 946 9
26 851 9
32 287 9
32 356 9
36 767 9
36 788 9
37 803 9
51 702 9
55 979 9
58 888 9
85 849 9
90 313 9
96 1006 9
100 1007 9
205 10 9
206 486 9
210 212 9
214 468 9
221 230 9
226 539 9
230 231 9
256 254 9
263 252 9
267 254 9
280 283 9
291 296 9
292 291 9
293 275 9
295 297 9
301 3 9
301 302 9
303 304 9
304 79 9
304 302 9
304 303 9
306 4 9
308 309 9
309 311 9
317 333 9
322 26 9
322 77 9
322 85 9
322 90 9
325 326 9
326 286 9
336 834 9
337 336 9
354 425 9
355 358 9
362 432 9
366 338 9
366 365 9
366 369 9
370 400 9
373 372 9
377 378 9
393 394 9
404 376 9
405 31 9
414 419 9
416 355 9
425 6 9
432 361 9
443 444 9
450 497 9
458 505 9
466 480 9
474 452 9
480 479 9
500 472 9
511 453 9
512 475 9
513 454 9
515 500 9
516 476 9
523 530 9
525 53 9
539 579 9
546 526 9
561 562 9
569 568 9
574 575 9
589 536 9
591 595 9
601 16 9
603 227 9
605 604 9
621 596 9
626 658 9
628 642 9
630 632 9
632 637 9
646 631 9
652 50 9
655 629 9
662 668 9
678 681 9
691 724 9
694 696 9
702 751 9
707 712 9
712 655 9
716 718 9
721 722 9
743 735 9
743 742 9
763 793 9
765 760 9
766 762 9
773 774 9
795 770 9
798 804 9
799 805 9
799 817 9
809 800 9
813 799 9
814 815 9
816 797 9
821 832 9
824 27 9
828 852 9
836 23 9
839 78 9
843 849 9
849 108 9
850 843 9
857 858 9
859 855 9
874 965 9
875 41 9
881 39 9
883 887 9
887 265 9
898 260 9
900 60 9
909 983 9
913 943 9
915 916 9
920 913 9
935 917 9
952 958 9
955 1005 9
959 960 9
963 33 9
964 34 9
964 859 9
969 964 9
975 972 9
991 982 9
998 66 9
1001 1002 9
1001 1004 9
1003 980 9
1004 981 9
1005 955 9
1011 959 9
1015 825 9
14 244 10
26 851 10
31 366 10
31 448 10
34 964 10
35 869 10
38 255 10
39 873 10
39 881 10
42 676 10
44 455 10
46 262 10
46 263 10
61 642 10
63 947 10
65 936 10
71 958 10
77 849 10
85 849 10
90 313 10
91 954 10
109 849 10
206 10 10
206 213 10
206 486 10
210 469 10
214 475 10
216 221 10
217 220 10
219 222 10
222 12 10
223 217 10
225 222 10
238 234 10
242 239 10
244 243 10
254 39 10
254 887 10
260 898 10
263 101 10
264 47 10
268 251 10
272 202 10
275 295 10
294 283 10
309 308 10
317 27 10
322 26 10
322 77 10
322 90 10
328 320 10
331 327 10
334 325 10
336 834 10
340 399 10
347 32 10
347 399 10
349 392 10
380 381 10
384 411 10
386 353 10
386 354 10
390 382 10
394 392 10
409 410 10
410 411 10
414 415 10
424 6 10
425 279 10
438 439 10
444 349 10
450 44 10
450 492 10
454 513 10
456 6 10
458 505 10
461 508 10
470 463 10
479 465 10
486 545 10
487 466 10
493 467 10
497 498 10
497 513 10
509 510 10
519 484 10
521 528 10
526 470 10
536 524 10
538 574 10
542 577 10
544 579 10
548 529 10
552 522 10
556 535 10
566 549 10
569 541 10
580 540 10
584 583 10
597 229 10
597 598 10
600 612 10
603 606 10
606 603 10
613 612 10
617 618 10
622 623 10
622 883 10
629 632 10
630 902 10
646 49 10
652 50 10
660 666 10
666 717 10
673 524 10
675 718 10
676 777 10
687 42 10
701 743 10
707 712 10
723 695 10
723 697 10
725 726 10
726 687 10
737 684 10
748 747 10
751 752 10
754 747 10
757 705 10
758 364 10
764 36 10
766 818 10
771 974 10
777 675 10
781 761 10
793 762 10
796 815 10
811 810 10
814 795 10
843 849 10
849 75 10
849 104 10
849 106 10
856 852 10
858 857 10
861 870 10
871 872 10
873 886 10
881 39 10
887 47 10
891 890 10
892 889 10
898 899 10
910 950 10
910 960 10
916 915 10
919 932 10
926 65 10
927 940 10
937 917 10
939 922 10
940 927 10
943 913 10
945 930 10
946 592 10
952 951 10
955 948 10
955 1005 10
956 951 10
956 953 10
967 34 10
976 978 10
977 760 10
987 979 10
992 979 10
996 67 10
999 94 10
1001 1004 10
1003 57 10
1005 955 10
1016 824 10
1016 1017 10
8 456 11
16 601 11
23 823 11
26 851 11
30 286 11
33 963 11
34 967 11
48 261 11
52 659 11
62 637 11
77 849 11
83 322 11
85 849 11
90 313 11
95 988 11
101 263 11
109 849 11
207 209 11
208 13 11
217 12 11
217 220 11
219 223 11
220 221 11
227 603 11
231 237 11
236 226 11
241 574 11
244 14 11
250 853 11
251 55 11
260 259 11
260 646 11
265 264 11
269 889 11
274 280 11
275 284 11
275 295 11
278 273 11
299 5 11
303 302 11
306 4 11
309 310 11
312 305 11
313 107 11
316 314 11
321 319 11
322 26 11
322 77 11
325 326 11
325 334 11
328 330 11
331 327 11
346 326 11
356 355 11
364 779 11
367 365 11
373 370 11
383 409 11
386 353 11
399 347 11
405 381 11
406 442 11
411 412 11
413 418 11
424 452 11
425 279 11
452 424 11
468 483 11
480 8 11
485 546 11
497 498 11
499 396 11
499 493 11
502 472 11
513 454 11
517 464 11
519 484 11
526 463 11
532 533 11
535 555 11
538 15 11
550 567 11
551 522 11
552 553 11
552 558 11
556 555 11
557 556 11
558 560 11
574 575 11
576 577 11
589 721 11
597 598 11
612 611 11
616 615 11
617 19 11
623 646 11
629 628 11
630 61 11
633 40 11
633 634 11
634 667 11
636 645 11
645 1018 11
653 706 11
654 751 11
655 51 11
658 756 11
663 669 11
667 688 11
674 778 11
682 719 11
687 686 11
691 669 11
694 662 11
704 707 11
718 717 11
731 686 11
738 739 11
758 786 11
771 759 11
786 769 11
787 788 11
790 794 11
791 792 11
792 780 11
802 801 11
806 805 11
810 773 11
815 802 11
816 797 11
817 762 11
819 807 11
828 822 11
831 827 11
833 832 11
836 824 11
843 849 11
849 108 11
851 846 11
869 35 11
870 861 11
872 871 11
875 41 11
881 39 11
885 884 11
890 48 11
891 890 11
893 642 11
909 983 11
913 1008 11
915 916 11
927 940 11
931 615 11
937 938 11
938 942 11
941 940 11
945 912 11
946 914 11
959 960 11
966 971 11
970 967 11
982 69 11
993 987 11
993 994 11
1005 99 11
1013 925 11
1013 926 11
1019 1018 11
26 851 12
35 760 12
41 885 12
43 722 12
44 503 12
46 263 12
57 889 12
57 992 12
57 1003 12
67 995 12
68 1002 12
69 982 12
74 842 12
77 849 12
90 313 12
96 1005 12
207 201 12
210 469 12
211 208 12
211 233 12
217 216 12
217 223 12
233 232 12
236 226 12
237 231 12
242 533 12
243 244 12
246 244 12
252 268 12
255 250 12
255 881 12
257 979 12
263 101 12
266 255 12
267 254 12
269 257 12
273 208 12
278 273 12
281 202 12
292 294 12
295 296 12
304 302 12
306 310 12
310 5 12
313 107 12
314 276 12
321 74 12
322 26 12
322 77 12
322 88 12
324 323 12
325 29 12
325 334 12
325 340 12
327 276 12
333 332 12
338 364 12
339 367 12
343 785 12
345 387 12
352 341 12
357 425 12
381 405 12
394 395 12
420 419 12
426 359 12
428 279 12
435 432 12
452 424 12
453 459 12
466 480 12
468 483 12
480 465 12
485 546 12
493 494 12
495 511 12
497 513 12
502 503 12
504 460 12
507 508 12
520 463 12
521 527 12
531 570 12
538 574 12
542 534 12
548 529 12
548 551 12
558 560 12
571 572 12
573 239 12
579 538 12
580 581 12
590 554 12
597 17 12
606 593 12
606 605 12
624 61 12
625 49 12
629 653 12
632 64 12
637 632 12
640 659 12
649 634 12
652 701 12
655 51 12
660 681 12
663 695 12
664 591 12
667 688 12
673 524 12
682 681 12
683 738 12
690 691 12
697 698 12
699 657 12
701 702 12
709 648 12
732 731 12
739 667 12
754 755 12
766 762 12
774 811 12
775 868 12
783 768 12
789 769 12
797 796 12
800 785 12
807 806 12
810 789 12
822 837 12
839 23 12
851 846 12
859 855 12
869 864 12
871 267 12
872 871 12
873 879 12
876 878 12
882 876 12
892 627 12
895 892 12
910 906 12
915 943 12
919 931 12
926 1013 12
931 919 12
937 18 12
942 944 12
957 955 12
960 70 12
964 965 12
974 962 12
975 972 12
979 257 12
985 952 12
990 950 12
993 987 12
995 67 12
997 999 12
999 110 12
999 998 12
1000 993 12
1003 57 12
1004 986 12
1007 92 12
1017 836 12
1 290 13
10 205 13
10 214 13
11 207 13
16 602 13
17 621 13
21 915 13
24 827 13
24 838 13
26 851 13
28 339 13
40 883 13
43 722 13
46 263 13
47 887 13
50 623 13
52 714 13
58 627 13
62 653 13
65 926 13
74 322 13
77 849 13
82 322 13
104 849 13
107 849 13
202 204 13
209 208 13
212 209 13
220 221 13
221 218 13
222 225 13
224 216 13
225 222 13
227 603 13
232 229 13
232 231 13
234 533 13
238 235 13
238 242 13
240 242 13
241 574 13
243 232 13
248 249 13
257 269 13
261 887 13
262 263 13
269 268 13
271 327 13
273 277 13
278 310 13
282 274 13
289 270 13
290 1 13
304 303 13
309 310 13
313 107 13
322 26 13
322 77 13
333 27 13
345 387 13
346 353 13
352 341 13
355 356 13
382 405 13
387 386 13
391 393 13
396 464 13
405 381 13
422 394 13
426 359 13
428 360 13
429 435 13
436 363 13
447 375 13
448 31 13
451 495 13
453 475 13
455 454 13
456 488 13
459 499 13
467 504 13
471 455 13
472 509 13
478 477 13
478 519 13
485 470 13
487 483 13
491 467 13
493 467 13
504 505 13
506 492 13
507 508 13
508 462 13
513 497 13
515 500 13
528 548 13
528 563 13
529 565 13
530 45 13
535 559 13
544 538 13
552 553 13
552 558 13
573 534 13
580 581 13
582 558 13
589 535 13
589 536 13
595 591 13
598 597 13
603 621 13
616 919 13
634 667 13
637 713 13
642 641 13
646 623 13
649 683 13
654 751 13
655 708 13
655 712 13
664 594 13
665 649 13
668 43 13
671 698 13
672 661 13
675 718 13
681 682 13
690 694 13
696 723 13
697 663 13
701 743 13
704 652 13
705 658 13
707 712 13
708 654 13
714 638 13
736 739 13
737 684 13
755 756 13
758 336 13
761 41 13
766 818 13
769 771 13
775 868 13
776 766 13
780 763 13
780 812 13
786 787 13
801 814 13
811 767 13
812 797 13
824 27 13
825 328 13
827 854 13
828 822 13
836 835 13
838 837 13
846 841 13
849 104 13
851 846 13
857 858 13
864 875 13
877 861 13
880 871 13
880 877 13
882 862 13
898 890 13
904 70 13
905 908 13
906 910 13
916 20 13
927 922 13
928 927 13
931 919 13
936 935 13
938 942 13
946 912 13
948 947 13
958 952 13
961 963 13
968 969 13
979 54 13
980 992 13
981 1004 13
985 950 13
986 983 13
986 1004 13
987 1003 13
990 984 13
993 1003 13
997 999 13
999 97 13
1005 93 13
1007 93 13
1018 645 13
6 424 14
7 274 14
23 836 14
24 827 14
26 851 14
33 963 14
37 349 14
41 875 14
42 679 14
51 655 14
53 585 14
56 889 14
60 896 14
61 630 14
65 921 14
67 994 14
72 957 14
73 940 14
77 849 14
79 304 14
94 263 14
107 849 14
205 206 14
208 277 14
222 225 14
234 533 14
238 234 14
242 240 14
242 533 14
250 1009 14
253 266 14
255 33 14
260 259 14
262 38 14
264 47 14
282 298 14
287 32 14
292 294 14
299 288 14
310 309 14
311 309 14
311 316 14
313 107 14
315 305 14
322 26 14
322 87 14
322 88 14
333 324 14
336 834 14
339 329 14
339 1014 14
340 351 14
343 404 14
347 446 14
351 340 14
355 345 14
364 338 14
365 338 14
366 338 14
388 442 14
392 391 14
393 421 14
394 392 14
427 431 14
451 491 14
455 454 14
455 471 14
458 37 14
459 37 14
459 499 14
460 348 14
472 509 14
474 478 14
477 452 14
484 465 14
489 456 14
491 494 14
494 495 14
497 498 14
502 472 14
503 516 14
507 450 14
519 484 14
520 463 14
521 555 14
524 536 14
524 657 14
530 568 14
540 580 14
551 521 14
555 521 14
558 560 14
559 557 14
573 239 14
577 581 14
583 580 14
593 606 14
600 609 14
619 918 14
629 653 14
630 902 14
632 64 14
632 637 14
637 62 14
652 701 14
660 680 14
662 668 14
666 678 14
674 778 14
675 676 14
678 719 14
679 680 14
682 681 14
693 692 14
695 691 14
697 698 14
699 52 14
715 501 14
728 690 14
734 729 14
746 723 14
759 765 14
761 868 14
762 775 14
763 781 14
766 777 14
769 771 14
779 31 14
823 830 14
827 854 14
833 825 14
836 822 14
837 835 14
839 845 14
842 74 14
846 841 14
851 846 14
852 856 14
855 852 14
856 962 14
882 876 14
883 40 14
896 902 14
910 950 14
920 933 14
922 921 14
931 615 14
938 937 14
938 939 14
943 913 14
950 990 14
952 958 14
952 985 14
957 72 14
957 953 14
958 952 14
958 960 14
960 70 14
961 964 14
977 975 14
980 992 14
982 991 14
983 70 14
992 987 14
996 991 14
1007 99 14
4 306 15
6 424 15
10 214 15
23 835 15
26 851 15
31 366 15
34 870 15
38 267 15
44 455 15
51 710 15
59 986 15
60 900 15
68 1003 15
70 983 15
72 951 15
77 849 15
80 304 15
88 322 15
91 1010 15
92 1005 15
96 1006 15
100 1007 15
104 849 15
107 849 15
206 10 15
208 273 15
224 230 15
235 226 15
259 258 15
262 263 15
272 8 15
272 285 15
278 292 15
279 282 15
281 284 15
284 281 15
299 5 15
302 304 15
305 312 15
310 309 15
320 329 15
322 87 15
329 328 15
334 332 15
337 1015 15
352 377 15
354 345 15
355 345 15
361 359 15
362 432 15
367 368 15
368 369 15
378 379 15
384 411 15
393 37 15
398 397 15
405 31 15
411 416 15
417 412 15
420 419 15
430 426 15
433 434 15
436 362 15
443 389 15
454 475 15
458 37 15
460 348 15
468 483 15
469 210 15
470 463 15
471 476 15
473 461 15
473 819 15
475 214 15
476 482 15
478 477 15
483 205 15
484 465 15
486 469 15
492 451 15
493 494 15
507 508 15
530 523 15
535 555 15
537 525 15
543 540 15
544 538 15
546 526 15
558 557 15
560 583 15
568 476 15
578 543 15
581 582 15
586 562 15
591 945 15
598 599 15
608 17 15
609 608 15
611 601 15
613 609 15
619 918 15
622 883 15
626 658 15
628 630 15
636 623 15
649 634 15
653 625 15
655 708 15
655 712 15
658 756 15
663 669 15
664 591 15
673 720 15
680 660 15
685 732 15
691 724 15
692 688 15
706 652 15
709 655 15
718 678 15
727 728 15
734 729 15
745 752 15
749 699 15
758 35 15
761 868 15
763 36 15
765 760 15
779 787 15
790 794 15
793 763 15
821 840 15
823 836 15
836 823 15
841 25 15
846 841 15
851 846 15
856 962 15
858 857 15
877 861 15
879 874 15
883 887 15
892 888 15
892 893 15
902 63 15
902 900 15
904 903 15
907 900 15
911 926 15
920 913 15
920 933 15
921 65 15
923 911 15
931 615 15
933 920 15
937 936 15
949 953 15
954 957 15
955 957 15
956 951 15
958 960 15
963 961 15
965 867 15
979 257 15
980 986 15
983 986 15
984 982 15
993 1003 15
1009 248 15
6 456 16
8 480 16
10 205 16
12 222 16
13 211 16
23 823 16
26 851 16
28 825 16
31 779 16
33 858 16
33 961 16
35 869 16
49 646 16
53 664 16
61 624 16
67 995 16
68 1002 16
75 849 16
82 322 16
87 849 16
93 1005 16
107 849 16
203 456 16
205 214 16
208 273 16
213 214 16
216 224 16
222 217 16
227 236 16
229 227 16
233 232 16
235 226 16
235 236 16
238 234 16
238 235 16
239 240 16
242 240 16
251 891 16
252 257 16
260 259 16
265 258 16
266 256 16
272 8 16
274 360 16
277 273 16
280 274 16
289 354 16
294 285 16
298 297 16
299 300 16
300 316 16
304 2 16
306 3 16
315 305 16
315 312 16
315 314 16
316 1 16
318 334 16
322 87 16
322 335 16
325 340 16
328 28 16
336 758 16
343 785 16
361 430 16
366 31 16
380 381 16
381 405 16
385 384 16
388 343 16
397 370 16
400 401 16
403 402 16
405 31 16
417 416 16
421 420 16
423 356 16
429 361 16
430 431 16
434 432 16
436 362 16
448 31 16
456 488 16
456 489 16
459 464 16
460 348 16
476 568 16
482 569 16
495 511 16
507 450 16
514 455 16
515 514 16
521 551 16
522 552 16
531 572 16
537 544 16
540 580 16
542 534 16
547 532 16
564 563 16
568 530 16
577 578 16
587 588 16
593 600 16
598 619 16
616 919 16
617 616 16
618 617 16
619 618 16
621 620 16
623 646 16
626 638 16
634 649 16
644 635 16
646 260 16
653 712 16
663 695 16
679 649 16
680 685 16
682 719 16
692 688 16
722 43 16
724 725 16
733 736 16
747 746 16
757 705 16
758 779 16
758 786 16
774 811 16
789 788 16
799 813 16
812 797 16
814 795 16
818 807 16
820 826 16
821 830 16
823 836 16
825 328 16
828 822 16
831 249 16
836 23 16
839 826 16
841 25 16
842 74 16
846 841 16
851 846 16
853 250 16
855 852 16
855 859 16
864 870 16
867 861 16
875 41 16
884 633 16
888 892 16
889 892 16
892 888 16
904 70 16
914 946 16
918 919 16
921 936 16
923 911 16
929 930 16
929 1008 16
935 917 16
937 938 16
942 912 16
943 915 16
952 982 16
953 956 16
966 974 16
969 966 16
970 967 16
974 962 16
974 966 16
975 976 16
981 995 16
997 999 16
1004 983 16
1013 926 16
1015 1016 16
1020 74 16
2 304 17
8 474 17
10 205 17
12 210 17
13 224 17
24 838 17
25 849 17
29 331 17
31 366 17
39 254 17
43 696 17
44 455 17
47 264 17
52 640 17
56 889 17
60 893 17
83 322 17
87 849 17
99 1005 17
202 204 17
238 234 17
249 248 17
249 831 17
250 853 17
267 871 17
274 280 17
274 282 17
277 9 17
279 282 17
282 298 17
293 275 17
296 291 17
297 299 17
301 306 17
314 315 17
314 316 17
322 74 17
322 87 17
339 329 17
340 325 17
360 428 17
368 400 17
369 768 17
373 370 17
388 442 17
405 31 17
409 386 17
418 423 17
422 394 17
430 362 17
453 475 17
458 37 17
469 547 17
473 819 17
480 479 17
483 205 17
485 470 17
488 436 17
495 496 17
496 497 17
503 44 17
506 492 17
509 510 17
511 499 17
522 552 17
523 542 17
525 586 17
531 570 17
534 573 17
539 226 17
540 537 17
551 45 17
556 555 17
561 585 17
563 716 17
567 566 17
572 573 17
582 558 17
585 537 17
590 554 17
592 611 17
598 599 17
603 606 17
611 601 17
615 616 17
616 617 17
617 19 17
625 641 17
628 630 17
632 924 17
634 635 17
635 634 17
646 623 17
648 647 17
649 683 17
652 701 17
656 709 17
681 687 17
682 521 17
688 43 17
689 43 17
697 698 17
701 702 17
716 676 17
721 722 17
724 725 17
734 729 17
744 743 17
752 656 17
754 747 17
761 868 17
761 869 17
762 766 17
764 780 17
772 767 17
782 764 17
785 808 17
800 785 17
803 816 17
806 817 17
810 773 17
825 833 17
829 834 17
835 845 17
836 824 17
840 821 17
841 25 17
846 841 17
851 846 17
857 858 17
858 859 17
860 963 17
868 869 17
870 34 17
871 267 17
878 879 17
879 874 17
880 874 17
881 255 17
890 48 17
898 890 17
900 909 17
902 900 17
902 903 17
904 70 17
904 905 17
909 901 17
912 942 17
913 943 17
913 1008 17
920 913 17
928 1005 17
934 943 17
940 927 17
951 1010 17
956 951 17
957 956 17
960 958 17
962 856 17
965 964 17
966 35 17
967 970 17
974 966 17
982 985 17
988 997 17
990 984 17
991 982 17
1002 1001 17
1003 987 17
1009 248 17
1013 947 17
7 283 18
16 602 18
17 621 18
18 938 18
24 838 18
25 849 18
31 448 18
32 347 18
32 355 18
33 255 18
35 966 18
36 796 18
38 267 18
40 633 18
42 679 18
42 687 18
43 688 18
62 637 18
64 923 18
73 928 18
74 842 18
79 304 18
87 849 18
93 1005 18
110 999 18
203 456 18
206 486 18
207 11 18
208 277 18
216 221 18
228 15 18
228 227 18
232 233 18
237 231 18
251 268 18
263 94 18
271 327 18
277 9 18
293 275 18
294 285 18
295 297 18
298 5 18
299 300 18
302 304 18
304 2 18
314 315 18
315 312 18
320 340 18
322 87 18
324 333 18
327 331 18
331 29 18
331 327 18
333 317 18
339 350 18
346 326 18
352 341 18
356 355 18
362 434 18
368 400 18
379 384 18
389 801 18
404 376 18
405 406 18
407 385 18
407 413 18
413 414 18
421 474 18
423 426 18
440 441 18
444 349 18
447 446 18
453 459 18
454 455 18
461 457 18
466 480 18
469 545 18
473 461 18
492 496 18
494 495 18
495 511 18
496 512 18
499 396 18
503 516 18
504 460 18
516 515 18
552 558 18
555 45 18
557 556 18
558 557 18
570 485 18
570 569 18
571 570 18
582 558 18
587 561 18
603 621 18
604 226 18
620 621 18
622 623 18
624 61 18
628 630 18
636 650 18
641 642 18
657 671 18
672 661 18
688 43 18
694 696 18
699 673 18
703 744 18
704 707 18
714 52 18
714 658 18
724 725 18
773 796 18
777 766 18
782 764 18
789 769 18
794 809 18
796 795 18
813 812 18
821 840 18
823 836 18
826 839 18
827 820 18
833 832 18
839 826 18
841 25 18
846 841 18
851 846 18
854 857 18
855 852 18
870 34 18
885 41 18
893 892 18
899 888 18
900 902 18
901 906 18
906 904 18
914 912 18
919 19 18
919 918 18
922 939 18
923 925 18
925 924 18
931 914 18
934 916 18
939 938 18
941 940 18
942 926 18
942 944 18
948 922 18
953 949 18
958 71 18
960 910 18
961 33 18
961 858 18
961 964 18
963 965 18
964 859 18
966 973 18
967 34 18
971 966 18
981 991 18
984 988 18
985 950 18
986 983 18
987 992 18
989 988 18
1004 1001 18
1013 925 18
1013 947 18
1016 824 18
7 283 19
10 206 19
12 210 19
19 919 19
25 849 19
27 824 19
34 870 19
37 459 19
39 881 19
42 687 19
44 473 19
44 503 19
49 646 19
55 251 19
57 889 19
60 900 19
61 630 19
64 923 19
68 1002 19
87 849 19
93 1006 19
100 1007 19
101 263 19
205 206 19
207 215 19
209 207 19
232 233 19
237 233 19
256 264 19
263 46 19
265 258 19
266 256 19
273 278 19
277 285 19
281 284 19
286 30 19
288 279 19
288 287 19
293 292 19
303 304 19
306 301 19
307 311 19
315 312 19
316 300 19
319 321 19
321 319 19
322 87 19
322 88 19
326 327 19
327 290 19
328 320 19
329 328 19
333 332 19
334 325 19
357 345 19
364 779 19
365 368 19
372 371 19
375 374 19
394 392 19
406 343 19
407 413 19
411 412 19
417 412 19
417 416 19
418 423 19
424 6 19
426 359 19
445 350 19
450 497 19
457 806 19
459 464 19
464 459 19
470 463 19
471 455 19
492 451 19
492 506 19
498 500 19
499 396 19
504 505 19
511 453 19
512 496 19
513 454 19
527 528 19
533 219 19
533 571 19
555 45 19
562 524 19
564 563 19
568 476 19
569 568 19
570 569 19
585 537 19
590 535 19
591 595 19
592 946 19
596 597 19
608 17 19
609 610 19
611 601 19
614 616 19
629 62 19
632 637 19
636 623 19
636 645 19
637 638 19
645 700 19
646 631 19
653 62 19
654 704 19
657 536 19
679 42 19
679 649 19
681 660 19
702 704 19
704 652 19
706 652 19
708 709 19
722 724 19
740 735 19
746 723 19
747 746 19
752 656 19
758 364 19
766 777 19
768 790 19
777 676 19
782 764 19
786 787 19
788 783 19
806 817 19
808 784 19
809 800 19
811 810 19
818 777 19
818 807 19
821 832 19
841 25 19
845 839 19
846 841 19
849 104 19
864 967 19
865 866 19
876 862 19
880 871 19
881 880 19
882 876 19
891 264 19
902 630 19
917 937 19
921 936 19
923 925 19
932 931 19
933 935 19
934 933 19
938 939 19
941 940 19
943 915 19
945 930 19
946 914 19
949 959 19
957 955 19
958 960 19
966 971 19
970 867 19
974 966 19
981 991 19
983 986 19
985 952 19
987 979 19
987 993 19
990 950 19
994 67 19
1000 995 19
1001 995 19
1004 1001 19
1005 955 19
1007 96 19
1009 102 19
1010 951 19
1019 635 19
11 206 20
13 224 20
24 827 20
25 849 20
29 325 20
29 331 20
32 287 20
35 869 20
36 764 20
37 459 20
38 262 20
41 866 20
44 473 20
52 699 20
67 994 20
73 928 20
74 322 20
87 849 20
204 203 20
205 215 20
206 486 20
207 215 20
208 13 20
211 210 20
212 209 20
215 207 20
222 217 20
224 13 20
236 226 20
237 211 20
237 233 20
241 538 20
248 1009 20
250 1009 20
252 257 20
254 256 20
259 258 20
268 251 20
269 268 20
271 290 20
272 281 20
279 288 20
280 283 20
281 284 20
305 321 20
307 308 20
307 311 20
308 309 20
310 5 20
322 82 20
322 87 20
323 324 20
325 323 20
336 1016 20
341 346 20
343 785 20
345 387 20
350 329 20
352 377 20
365 368 20
365 448 20
370 367 20
379 380 20
386 354 20
389 388 20
400 401 20
407 413 20
410 411 20
414 419 20
423 356 20
424 6 20
427 426 20
434 362 20
437 434 20
440 441 20
449 519 20
459 453 20
462 450 20
463 486 20
473 819 20
486 545 20
489 456 20
490 805 20
494 495 20
496 512 20
509 473 20
515 514 20
517 422 20
523 553 20
525 537 20
533 219 20
534 542 20
553 550 20
555 45 20
556 535 20
557 522 20
557 556 20
559 560 20
568 476 20
585 584 20
587 561 20
597 17 20
597 598 20
598 597 20
603 606 20
612 592 20
619 918 20
623 50 20
629 632 20
632 924 20
635 1019 20
638 626 20
638 923 20
646 49 20
650 636 20
669 722 20
672 661 20
674 778 20
676 715 20
683 738 20
707 708 20
708 709 20
709 655 20
713 710 20
714 638 20
729 696 20
730 733 20
731 686 20
732 733 20
745 752 20
764 791 20
779 31 20
793 762 20
796 36 20
805 490 20
805 804 20
813 799 20
816 798 20
818 777 20
819 807 20
825 328 20
827 854 20
831 826 20
832 833 20
835 845 20
841 25 20
845 840 20
846 841 20
859 964 20
860 872 20
878 879 20
880 39 20
889 269 20
895 894 20
910 950 20
917 937 20
919 918 20
921 936 20
922 927 20
925 1013 20
926 939 20
926 1013 20
933 935 20
936 921 20
938 942 20
950 958 20
950 983 20
956 953 20
963 965 20
966 35 20
977 975 20
980 986 20
985 69 20
987 992 20
988 996 20
1000 995 20
1007 93 20
1010 951 20
9 277 21
13 211 21
25 849 21
32 355 21
38 267 21
41 761 21
45 555 21
55 891 21
55 979 21
64 632 21
65 921 21
65 926 21
67 994 21
68 1002 21
71 949 21
74 1020 21
87 849 21
205 10 21
216 217 21
223 220 21
231 237 21
232 231 21
235 228 21
239 576 21
255 38 21
255 253 21
257 979 21
269 268 21
280 283 21
283 280 21
295 297 21
298 274 21
304 79 21
307 312 21
319 317 21
322 87 21
323 320 21
326 327 21
333 27 21
336 758 21
343 785 21
351 398 21
352 341 21
356 417 21
362 432 21
366 369 21
367 365 21
373 372 21
374 446 21
375 373 21
377 383 21
383 409 21
384 344 21
391 342 21
402 373 21
404 376 21
408 414 21
412 413 21
419 418 21
424 452 21
427 426 21
434 432 21
452 420 21
462 450 21
464 459 21
474 478 21
489 215 21
490 805 21
496 492 21
501 473 21
503 566 21
508 509 21
510 564 21
515 514 21
521 555 21
523 581 21
524 673 21
525 53 21
527 521 21
534 573 21
536 588 21
537 540 21
543 544 21
545 547 21
546 526 21
550 530 21
551 521 21
576 534 21
583 582 21
584 587 21
609 608 21
614 616 21
616 919 21
619 618 21
624 627 21
624 646 21
630 629 21
632 630 21
637 62 21
644 635 21
646 623 21
664 594 21
666 717 21
673 720 21
682 719 21
686 685 21
695 691 21
706 707 21
709 655 21
710 711 21
714 640 21
730 731 21
732 731 21
738 739 21
740 735 21
743 742 21
749 699 21
761 41 21
772 769 21
779 787 21
787 769 21
787 788 21
796 36 21
801 814 21
803 802 21
805 490 21
805 804 21
807 806 21
824 825 21
825 833 21
831 826 21
832 324 21
834 856 21
841 25 21
858 857 21
861 863 21
867 861 21
869 761 21
878 881 21
881 871 21
881 880 21
893 642 21
912 914 21
912 942 21
915 943 21
918 919 21
921 922 21
946 18 21
946 914 21
948 922 21
950 958 21
951 1010 21
953 957 21
957 954 21
958 71 21
961 33 21
963 961 21
970 967 21
975 976 21
979 54 21
980 1002 21
986 1004 21
996 67 21
999 94 21
999 95 21
1003 987 21
1004 981 21
1004 983 21
1009 98 21
1011 959 21
5 299 22
25 849 22
34 962 22
35 760 22
36 767 22
45 530 22
52 699 22
59 889 22
60 893 22
66 998 22
72 957 22
87 849 22
94 999 22
96 1005 22
201 456 22
205 10 22
208 211 22
209 207 22
212 209 22
214 475 22
217 223 22
219 222 22
228 227 22
229 232 22
232 233 22
237 211 22
242 533 22
243 244 22
250 255 22
250 853 22
251 268 22
257 979 22
258 259 22
259 260 22
264 256 22
265 259 22
267 879 22
268 269 22
274 433 22
292 294 22
297 298 22
298 297 22
303 304 22
304 1020 22
311 309 22
317 27 22
321 305 22
322 83 22
331 327 22
340 352 22
341 346 22
347 371 22
360 435 22
365 338 22
365 448 22
408 407 22
428 279 22
431 449 22
445 339 22
455 454 22
459 37 22
463 486 22
466 480 22
467 504 22
469 545 22
470 463 22
471 455 22
484 489 22
493 494 22
495 511 22
496 492 22
512 511 22
517 474 22
523 581 22
533 573 22
534 573 22
553 552 22
555 535 22
567 566 22
575 576 22
581 580 22
595 525 22
606 603 22
624 641 22
636 623 22
649 665 22
653 712 22
665 677 22
666 42 22
679 42 22
695 691 22
697 663 22
700 50 22
708 654 22
709 648 22
710 51 22
726 687 22
729 696 22
730 731 22
740 742 22
745 752 22
750 749 22
760 761 22
764 763 22
764 791 22
765 975 22
767 772 22
774 792 22
788 790 22
789 769 22
796 795 22
813 812 22
818 777 22
822 828 22
825 833 22
834 856 22
839 78 22
841 25 22
852 856 22
871 872 22
873 879 22
880 871 22
883 40 22
887 254 22
892 889 22
892 893 22
893 642 22
893 894 22
900 897 22
907 900 22
910 960 22
916 20 22
917 914 22
921 922 22
922 948 22
926 939 22
928 940 22
932 916 22
933 920 22
934 916 22
935 917 22
943 934 22
945 912 22
950 983 22
951 72 22
952 982 22
953 956 22
960 958 22
963 33 22
967 970 22
983 1004 22
985 71 22
986 1004 22
987 992 22
992 979 22
1007 99 22
1007 100 22
1014 1015 22
1019 740 22
7 281 23
8 272 23
11 207 23
18 938 23
23 835 23
23 836 23
25 849 23
36 767 23
37 349 23
49 625 23
50 652 23
55 891 23
57 992 23
70 960 23
87 849 23
91 954 23
213 454 23
214 475 23
217 222 23
218 210 23
222 225 23
224 13 23
225 234 23
227 229 23
228 227 23
239 576 23
242 533 23
244 14 23
247 248 23
248 247 23
252 268 23
253 262 23
259 265 23
264 265 23
276 314 23
287 286 23
291 292 23
302 301 23
302 303 23
307 311 23
308 306 23
312 315 23
316 311 23
316 314 23
318 334 23
322 74 23
323 320 23
324 333 23
334 332 23
338 364 23
344 383 23
351 340 23
354 345 23
365 368 23
381 447 23
406 343 23
418 417 23
436 363 23
437 434 23
456 6 23
461 508 23
463 213 23
466 459 23
468 483 23
475 214 23
510 502 23
516 476 23
520 481 23
521 682 23
522 552 23
523 542 23
526 470 23
534 531 23
535 721 23
540 580 23
550 567 23
552 553 23
554 521 23
567 516 23
571 572 23
579 525 23
588 559 23
597 17 23
607 596 23
612 611 23
623 622 23
627 624 23
633 634 23
646 624 23
655 51 23
656 654 23
656 709 23
659 52 23
666 678 23
668 43 23
668 690 23
683 738 23
686 685 23
687 42 23
687 727 23
691 669 23
699 673 23
708 709 23
715 501 23
716 527 23
718 717 23
721 670 23
721 722 23
727 728 23
733 736 23
742 1018 23
750 749 23
764 763 23
766 777 23
774 792 23
776 766 23
778 776 23
783 768 23
792 780 23
793 813 23
798 799 23
799 805 23
803 816 23
805 490 23
824 821 23
826 820 23
829 852 23
830 823 23
830 847 23
839 23 23
855 24 23
858 961 23
859 858 23
864 869 23
867 861 23
872 853 23
883 873 23
888 892 23
889 57 23
893 60 23
900 60 23
901 905 23
902 903 23
904 905 23
914 917 23
921 938 23
926 65 23
929 920 23
945 930 23
949 71 23
967 34 23
969 964 23
981 991 23
983 1004 23
999 998 23
1000 995 23
1003 993 23
1004 981 23
1012 904 23
1016 336 23
2 304 24
3 301 24
7 281 24
8 456 24
11 206 24
17 597 24
20 916 24
25 849 24
36 764 24
45 530 24
51 706 24
64 632 24
71 985 24
100 1006 24
205 10 24
205 215 24
214 10 24
214 468 24
216 221 24
217 12 24
217 222 24
227 229 24
230 224 24
235 228 24
237 231 24
245 244 24
252 263 24
254 267 24
254 887 24
264 47 24
267 254 24
270 271 24
271 290 24
276 290 24
282 279 24
283 7 24
287 286 24
296 295 24
300 299 24
309 310 24
310 278 24
321 305 24
322 83 24
325 29 24
339 367 24
348 389 24
351 350 24
352 377 24
362 434 24
362 438 24
381 405 24
392 390 24
397 372 24
409 410 24
416 355 24
422 421 24
436 362 24
436 363 24
442 390 24
445 350 24
446 447 24
448 31 24
451 491 24
453 468 24
458 460 24
459 464 24
464 479 24
474 517 24
475 214 24
475 454 24
484 518 24
487 466 24
489 484 24
489 488 24
490 458 24
500 472 24
506 507 24
507 457 24
512 496 24
518 478 24
524 657 24
531 572 24
533 242 24
536 589 24
541 531 24
544 579 24
545 547 24
548 529 24
565 564 24
573 239 24
575 240 24
575 576 24
582 553 24
589 535 24
591 594 24
605 593 24
609 608 24
616 919 24
618 619 24
619 598 24
627 58 24
627 899 24
630 628 24
649 679 24
649 885 24
652 650 24
656 709 24
670 671 24
671 663 24
676 715 24
681 660 24
683 738 24
691 669 24
698 699 24
710 661 24
714 658 24
716 718 24
727 725 24
738 739 24
741 680 24
747 697 24
750 749 24
758 336 24
762 766 24
763 36 24
768 366 24
769 786 24
777 766 24
779 787 24
781 763 24
784 768 24
787 769 24
801 814 24
804 803 24
806 457 24
810 789 24
830 847 24
832 324 24
838 820 24
840 847 24
866 41 24
866 665 24
878 879 24
879 874 24
889 269 24
889 892 24
889 980 24
899 627 24
899 898 24
904 903 24
906 904 24
913 1008 24
923 64 24
925 64 24
925 1013 24
926 911 24
928 73 24
928 940 24
939 938 24
940 927 24
941 944 24
951 1010 24
964 969 24
966 971 24
973 972 24
975 976 24
982 984 24
982 991 24
983 950 24
986 983 24
995 1001 24
999 97 24
1004 1001 24
1009 250 24
1019 1018 24
3 301 25
8 480 25
10 205 25
31 448 25
31 779 25
36 764 25
39 880 25
40 633 25
42 666 25
42 676 25
54 979 25
55 251 25
57 1003 25
65 926 25
69 985 25
70 904 25
202 204 25
208 209 25
210 212 25
211 233 25
211 237 25
224 216 25
230 231 25
241 538 25
242 240 25
253 262 25
259 258 25
261 48 25
261 887 25
264 891 25
271 327 25
272 202 25
275 284 25
279 288 25
284 281 25
287 354 25
290 1 25
294 283 25
296 295 25
303 302 25
308 309 25
319 321 25
321 305 25
324 323 25
326 286 25
326 325 25
329 339 25
330 323 25
332 333 25
336 758 25
336 1016 25
337 1015 25
365 448 25
371 399 25
381 407 25
383 341 25
391 393 25
395 493 25
403 402 25
410 344 25
412 385 25
413 414 25
419 418 25
424 423 25
431 449 25
440 441 25
450 507 25
452 474 25
456 8 25
459 37 25
481 482 25
486 469 25
490 458 25
496 497 25
501 510 25
508 509 25
510 502 25
513 512 25
516 476 25
517 422 25
518 478 25
524 536 25
527 528 25
528 563 25
534 542 25
534 573 25
535 559 25
537 525 25
540 584 25
548 551 25
550 530 25
553 550 25
554 726 25
555 45 25
556 555 25
568 530 25
574 543 25
591 594 25
593 600 25
594 640 25
598 619 25
600 601 25
608 607 25
623 636 25
630 632 25
630 1013 25
632 64 25
643 896 25
645 1018 25
648 647 25
658 672 25
659 52 25
663 695 25
670 671 25
676 716 25
687 42 25
703 729 25
712 655 25
734 729 25
743 742 25
746 745 25
764 780 25
766 762 25
767 772 25
768 790 25
770 773 25
770 789 25
795 770 25
801 800 25
808 784 25
808 809 25
814 795 25
821 832 25
822 828 25
822 837 25
834 758 25
847 830 25
849 106 25
852 829 25
858 33 25
869 35 25
869 864 25
870 864 25
873 879 25
875 863 25
884 883 25
885 41 25
890 891 25
891 251 25
896 902 25
902 903 25
905 908 25
906 959 25
923 911 25
931 914 25
942 912 25
947 948 25
951 956 25
962 34 25
976 971 25
981 995 25
983 950 25
985 69 25
991 982 25
992 980 25
995 1000 25
1000 995 25
1003 68 25
1003 980 25
1007 92 25
1010 91 25
1016 336 25
1016 824 25
6 425 26
10 214 26
12 222 26
13 224 26
19 919 26
19 931 26
21 943 26
24 827 26
33 963 26
48 890 26
53 525 26
55 979 26
66 998 26
68 1003 26
73 940 26
95 988 26
97 999 26
110 999 26
206 11 26
207 11 26
209 207 26
214 10 26
217 216 26
224 230 26
228 227 26
233 211 26
233 243 26
235 236 26
237 233 26
244 14 26
245 244 26
252 263 26
254 39 26
269 889 26
270 299 26
282 274 26
284 283 26
290 289 26
297 299 26
298 5 26
299 297 26
300 316 26
301 3 26
301 4 26
302 301 26
303 302 26
304 79 26
304 302 26
306 3 26
306 308 26
310 306 26
316 1 26
323 320 26
328 330 26
329 328 26
335 331 26
342 382 26
345 387 26
346 326 26
348 389 26
364 758 26
376 381 26
378 379 26
389 801 26
399 351 26
405 31 26
407 385 26
425 428 26
435 433 26
446 447 26
448 339 26
450 507 26
465 480 26
479 465 26
480 479 26
499 493 26
503 44 26
503 516 26
520 481 26
521 528 26
525 537 26
531 570 26
538 574 26
548 529 26
549 550 26
560 587 26
566 565 26
571 546 26
596 597 26
596 599 26
610 618 26
613 612 26
614 613 26
614 616 26
616 617 26
622 883 26
626 638 26
626 640 26
628 642 26
632 64 26
633 644 26
638 923 26
641 624 26
643 896 26
649 679 26
650 636 26
651 740 26
652 650 26
662 693 26
665 649 26
667 651 26
675 676 26
679 680 26
696 745 26
700 50 26
701 743 26
705 658 26
714 638 26
716 676 26
720 595 26
724 728 26
725 590 26
732 733 26
738 737 26
753 754 26
759 765 26
764 763 26
771 758 26
793 762 26
796 36 26
797 774 26
802 801 26
812 797 26
812 798 26
813 812 26
820 826 26
822 838 26
823 830 26
823 836 26
824 27 26
829 834 26
840 845 26
853 250 26
855 24 26
859 964 26
864 967 26
873 39 26
876 866 26
893 894 26
899 898 26
908 63 26
908 900 26
912 942 26
914 18 26
914 931 26
916 934 26
919 931 26
921 922 26
925 924 26
934 933 26
935 917 26
937 936 26
942 926 26
943 21 26
943 913 26
951 956 26
952 982 26
959 949 26
968 969 26
982 984 26
995 1001 26
999 95 26
1001 1002 26
1007 100 26
1009 250 26
1011 1012 26
1019 635 26
9 277 27
12 210 27
15 533 27
23 823 27
24 855 27
30 286 27
36 763 27
43 668 27
44 473 27
49 646 27
52 699 27
61 630 27
63 947 27
64 925 27
67 995 27
70 959 27
70 983 27
75 849 27
78 839 27
82 247 27
93 1005 27
206 10 27
206 213 27
208 273 27
225 228 27
240 241 27
249 248 27
254 256 27
255 253 27
263 94 27
263 979 27
264 47 27
264 891 27
269 889 27
274 280 27
275 295 27
278 273 27
280 283 27
281 272 27
282 279 27
284 283 27
290 276 27
298 297 27
304 302 27
314 316 27
315 314 27
316 311 27
317 319 27
317 333 27
341 346 27
347 371 27
350 329 27
350 339 27
350 351 27
356 417 27
359 356 27
362 434 27
366 31 27
366 365 27
370 367 27
382 405 27
383 409 27
392 390 27
410 344 27
412 413 27
413 418 27
417 416 27
470 481 27
471 476 27
472 462 27
473 461 27
473 819 27
476 471 27
480 466 27
486 469 27
497 450 27
501 473 27
509 510 27
512 475 27
516 515 27
517 474 27
521 682 27
522 529 27
527 521 27
527 528 27
529 549 27
530 568 27
538 15 27
544 579 27
554 726 27
561 562 27
564 548 27
565 564 27
573 533 27
575 576 27
578 575 27
579 595 27
585 584 27
591 595 27
593 607 27
602 605 27
608 17 27
621 620 27
622 623 27
634 667 27
635 1019 27
638 626 27
640 52 27
640 626 27
643 896 27
645 1018 27
653 706 27
660 681 27
672 711 27
684 679 27
693 734 27
698 748 27
732 731 27
738 737 27
742 700 27
754 747 27
754 755 27
763 36 27
771 974 27
772 767 27
781 763 27
785 808 27
786 758 27
793 813 27
795 794 27
796 815 27
798 799 27
803 37 27
805 799 27
806 817 27
811 810 27
813 793 27
815 816 27
825 328 27
827 828 27
828 852 27
833 832 27
842 322 27
860 963 27
864 977 27
887 47 27
892 627 27
899 627 27
909 983 27
921 922 27
924 637 27
928 940 27
933 934 27
938 937 27
940 73 27
943 934 27
948 922 27
949 959 27
974 962 27
977 760 27
978 977 27
984 988 27
989 988 27
995 67 27
1000 993 27
1001 1002 27
1007 1006 27
1014 448 27
1014 1015 27
1016 824 27
4 306 28
12 217 28
17 608 28
28 328 28
36 796 28
38 255 28
41 885 28
43 696 28
51 706 28
66 998 28
72 957 28
74 322 28
94 263 28
96 1006 28
103 849 28
110 999 28
201 456 28
213 454 28
217 216 28
217 223 28
220 221 28
227 229 28
238 242 28
255 250 28
260 646 28
261 887 28
263 94 28
277 9 28
282 274 28
292 293 28
294 285 28
296 295 28
299 300 28
303 304 28
308 306 28
308 309 28
309 310 28
311 309 28
311 316 28
314 315 28
316 314 28
325 29 28
338 337 28
339 329 28
339 367 28
346 353 28
348 389 28
350 329 28
351 340 28
374 446 28
379 380 28
385 384 28
395 396 28
401 808 28
402 376 28
419 418 28
421 474 28
422 421 28
430 426 28
432 361 28
444 504 28
449 477 28
452 424 28
453 459 28
455 520 28
461 508 28
470 481 28
471 515 28
472 462 28
473 44 28
478 519 28
496 497 28
505 451 28
505 506 28
507 508 28
520 463 28
521 555 28
523 553 28
527 716 28
537 544 28
538 15 28
546 547 28
548 551 28
555 554 28
576 534 28
587 561 28
601 604 28
602 16 28
603 621 28
612 611 28
619 598 28
619 918 28
630 1013 28
632 630 28
634 635 28
635 644 28
638 637 28
638 923 28
663 695 28
664 591 28
668 730 28
674 675 28
686 685 28
688 736 28
689 693 28
699 52 28
704 652 28
707 708 28
710 51 28
714 52 28
718 717 28
722 724 28
738 739 28
739 667 28
745 752 28
748 755 28
750 757 28
753 746 28
756 749 28
763 764 28
768 790 28
772 769 28
772 810 28
773 796 28
777 766 28
784 768 28
795 770 28
801 800 28
802 348 28
804 803 28
815 816 28
819 777 28
826 820 28
827 820 28
833 825 28
835 821 28
845 839 28
854 857 28
871 267 28
878 881 28
880 39 28
887 47 28
889 980 28
908 909 28
910 906 28
913 920 28
914 946 28
915 21 28
916 932 28
927 940 28
930 1007 28
932 931 28
936 921 28
938 939 28
939 938 28
947 1011 28
950 983 28
955 1005 28
956 953 28
959 949 28
962 786 28
964 969 28
979 55 28
979 987 28
982 69 28
982 984 28
988 997 28
996 991 28
998 989 28
999 110 28
1004 986 28
1005 92 28
1019 635 28
1019 873 28
8 272 29
32 355 29
37 349 29
42 676 29
51 655 29
93 1006 29
106 849 29
205 215 29
208 277 29
220 221 29
221 218 29
224 216 29
233 211 29
242 239 29
248 249 29
250 1009 29
255 253 29
261 887 29
264 265 29
266 256 29
268 251 29
270 271 29
272 8 29
273 208 29
286 270 29
287 32 29
288 279 29
289 270 29
291 292 29
292 291 29
301 306 29
310 306 29
311 316 29
327 290 29
330 833 29
335 321 29
338 448 29
339 28 29
342 408 29
349 395 29
355 358 29
380 381 29
381 447 29
382 406 29
389 388 29
401 403 29
420 415 29
420 419 29
423 426 29
453 459 29
454 475 29
465 484 29
466 459 29
477 427 29
481 482 29
482 485 29
484 489 29
497 498 29
500 503 29
502 503 29
516 515 29
522 551 29
524 536 29
524 673 29
533 242 29
535 589 29
536 524 29
538 574 29
542 577 29
551 556 29
553 552 29
573 533 29
574 575 29
580 581 29
581 523 29
585 53 29
593 607 29
600 601 29
603 606 29
606 603 29
607 596 29
607 606 29
608 600 29
614 616 29
617 614 29
619 598 29
629 628 29
632 924 29
645 636 29
645 1018 29
657 671 29
663 695 29
665 677 29
669 670 29
680 679 29
690 694 29
693 692 29
699 52 29
701 743 29
705 640 29
706 652 29
709 655 29
720 586 29
720 595 29
740 735 29
741 680 29
743 742 29
760 761 29
763 764 29
764 36 29
777 676 29
783 366 29
793 763 29
793 813 29
800 388 29
800 785 29
802 348 29
807 806 29
820 827 29
825 28 29
838 820 29
854 852 29
856 855 29
859 964 29
865 866 29
872 871 29
878 881 29
880 877 29
883 622 29
888 892 29
889 57 29
889 59 29
892 627 29
895 892 29
907 897 29
919 931 29
922 921 29
924 923 29
927 922 29
928 940 29
931 615 29
937 18 29
942 912 29
943 915 29
951 956 29
952 958 29
957 956 29
959 906 29
961 964 29
967 978 29
980 889 29
985 950 29
988 996 29
993 1000 29
1019 1018 29
2 302 30
6 425 30
15 533 30
18 937 30
23 839 30
31 405 30
36 767 30
37 803 30
39 880 30
41 866 30
43 688 30
54 979 30
58 888 30
65 936 30
95 988 30
108 849 30
110 999 30
214 475 30
237 211 30
240 241 30
240 242 30
244 14 30
254 256 30
256 254 30
263 252 30
264 265 30
266 255 30
267 879 30
277 9 30
277 273 30
280 274 30
288 287 30
295 275 30
296 300 30
308 307 30
316 1 30
322 74 30
322 82 30
335 322 30
339 329 30
340 351 30
346 326 30
347 446 30
350 339 30
351 350 30
352 341 30
354 425 30
355 345 30
356 423 30
357 345 30
358 429 30
360 357 30
361 359 30
364 758 30
364 779 30
368 369 30
369 768 30
370 367 30
371 398 30
372 374 30
376 381 30
382 405 30
387 386 30
392 391 30
392 443 30
400 402 30
411 416 30
415 342 30
432 435 30
455 454 30
464 479 30
465 480 30
486 469 30
493 494 30
495 496 30
507 450 30
508 462 30
510 502 30
511 499 30
520 481 30
523 553 30
525 595 30
527 716 30
530 45 30
533 242 30
538 539 30
539 579 30
552 522 30
557 556 30
570 569 30
577 581 30
582 553 30
593 600 30
593 606 30
593 607 30
597 598 30
600 612 30
602 603 30
603 227 30
612 592 30
639 947 30
648 647 30
660 666 30
669 670 30
675 676 30
679 649 30
685 684 30
686 660 30
687 686 30
693 692 30
696 745 30
698 699 30
702 51 30
713 710 30
727 725 30
745 703 30
749 748 30
752 656 30
762 813 30
766 762 30
767 36 30
767 791 30
791 767 30
793 762 30
795 770 30
802 348 30
806 817 30
829 852 30
830 847 30
831 827 30
832 27 30
832 833 30
833 825 30
835 821 30
839 845 30
854 827 30
857 858 30
861 870 30
867 882 30
870 34 30
871 872 30
876 862 30
886 635 30
893 642 30
900 60 30
906 910 30
910 906 30
910 960 30
914 912 30
915 916 30
919 931 30
920 929 30
926 1013 30
932 916 30
935 933 30
938 937 30
940 73 30
955 948 30
955 1005 30
962 786 30
963 961 30
964 965 30
966 971 30
971 966 30
981 995 30
988 996 30
994 993 30
1002 68 30
1003 68 30
1004 981 30
1013 630 30
1016 336 30
1016 824 30
1 307 31
4 301 31
7 283 31
11 207 31
13 208 31
14 244 31
17 621 31
18 937 31
19 919 31
35 760 31
39 881 31
41 875 31
50 652 31
52 640 31
63 908 31
75 849 31
82 247 31
83 322 31
91 1010 31
100 1007 31
101 263 31
108 849 31
206 10 31
208 13 31
211 233 31
215 207 31
217 12 31
226 235 31
226 238 31
229 597 31
233 243 31
236 226 31
248 247 31
251 268 31
253 266 31
258 887 31
265 258 31
267 38 31
270 288 31
272 8 31
275 284 31
283 284 31
295 275 31
300 296 31
300 316 31
301 306 31
306 308 31
308 307 31
314 276 31
318 332 31
319 334 31
321 74 31
325 334 31
328 330 31
329 339 31
330 323 31
331 335 31
336 758 31
336 1017 31
339 350 31
342 382 31
346 353 31
356 32 31
356 417 31
360 357 31
363 440 31
364 338 31
368 400 31
383 409 31
404 405 31
407 413 31
411 412 31
411 416 31
423 356 31
435 360 31
435 433 31
442 390 31
450 497 31
453 468 31
459 37 31
459 453 31
459 464 31
461 457 31
469 545 31
473 44 31
478 519 31
482 569 31
484 489 31
485 546 31
503 44 31
518 517 31
526 463 31
527 521 31
527 528 31
527 716 31
535 721 31
538 574 31
542 534 31
544 579 31
546 547 31
547 532 31
560 587 31
575 576 31
577 578 31
615 613 31
616 617 31
632 637 31
635 634 31
637 638 31
637 713 31
644 622 31
647 753 31
649 679 31
662 693 31
674 675 31
676 715 31
682 681 31
699 673 31
729 662 31
736 737 31
740 742 31
741 680 31
758 779 31
761 781 31
762 793 31
791 767 31
800 785 31
802 801 31
807 461 31
809 808 31
820 827 31
821 824 31
835 23 31
845 839 31
849 75 31
853 250 31
858 961 31
869 35 31
870 861 31
880 874 31
883 633 31
885 884 31
891 251 31
897 896 31
916 932 31
920 929 31
922 939 31
931 19 31
936 65 31
942 912 31
943 934 31
944 659 31
948 947 31
950 983 31
952 985 31
957 953 31
962 34 31
980 986 31
985 71 31
995 981 31
998 66 31
1005 91 31
8 456 32
33 961 32
34 870 32
37 393 32
39 873 32
61 624 32
67 996 32
69 982 32
70 983 32
96 1005 32
103 849 32
205 214 32
207 209 32
212 209 32
228 225 32
239 576 32
244 243 32
274 360 32
282 298 32
304 80 32
307 308 32
308 307 32
312 305 32
315 314 32
323 833 32
326 325 32
328 330 32
329 328 32
339 28 32
340 399 32
353 287 32
359 358 32
387 386 32
395 493 32
397 372 32
410 344 32
410 411 32
413 414 32
425 279 32
433 280 32
442 443 32
444 504 32
456 6 32
466 480 32
469 210 32
470 481 32
471 515 32
475 454 32
475 512 32
480 465 32
486 545 32
491 494 32
543 540 32
544 538 32
553 552 32
554 521 32
567 566 32
569 541 32
581 523 32
583 580 32
592 946 32
596 599 32
598 599 32
602 605 32
605 593 32
605 604 32
617 19 32
621 17 32
625 641 32
626 640 32
627 58 32
629 625 32
629 628 32
633 40 32
641 625 32
641 642 32
669 722 32
678 719 32
681 687 32
698 699 32
699 52 32
704 652 32
709 655 32
710 711 32
712 655 32
738 737 32
746 745 32
762 813 32
765 975 32
772 767 32
772 810 32
774 811 32
775 868 32
780 812 32
796 795 32
811 767 32
817 762 32
832 833 32
838 837 32
855 857 32
856 852 32
856 962 32
858 859 32
866 41 32
869 35 32
870 34 32
877 861 32
878 881 32
885 884 32
890 898 32
897 896 32
902 908 32
905 908 32
908 63 32
912 937 32
919 932 32
925 923 32
928 927 32
931 914 32
933 920 32
936 929 32
964 961 32
966 973 32
970 965 32
998 989 32
1005 99 32
1006 941 32
1009 102 32
1010 91 32
1013 925 32
1018 645 32
1018 1019 32
8 480 33
18 914 33
18 946 33
23 835 33
32 347 33
34 964 33
36 763 33
36 788 33
36 796 33
37 458 33
41 875 33
45 555 33
68 986 33
71 949 33
74 842 33
74 1020 33
82 322 33
92 1006 33
94 263 33
202 204 33
205 214 33
229 227 33
240 242 33
247 248 33
253 266 33
254 887 33
262 46 33
263 94 33
264 47 33
267 38 33
278 273 33
283 284 33
284 283 33
286 326 33
290 276 33
293 294 33
295 297 33
304 79 33
304 1020 33
310 306 33
312 315 33
326 327 33
339 329 33
345 387 33
347 399 33
348 389 33
355 345 33
355 358 33
357 345 33
359 358 33
360 428 33
362 432 33
379 380 33
379 384 33
381 447 33
392 443 33
394 395 33
399 347 33
403 402 33
408 414 33
409 386 33
414 419 33
416 355 33
424 427 33
432 435 33
452 424 33
456 488 33
459 499 33
475 454 33
479 518 33
480 465 33
481 482 33
483 205 33
484 465 33
487 466 33
492 496 33
495 496 33
503 516 33
504 460 33
512 475 33
518 517 33
519 489 33
523 530 33
529 565 33
533 242 33
534 531 33
536 589 33
540 537 33
545 526 33
560 583 33
562 673 33
566 549 33
568 567 33
571 570 33
572 573 33
582 553 33
590 535 33
593 606 33
594 640 33
598 597 33
608 600 33
611 601 33
612 611 33
614 613 33
618 617 33
619 598 33
637 713 33
640 52 33
641 642 33
652 50 33
655 629 33
661 647 33
661 754 33
664 591 33
666 717 33
671 698 33
680 660 33
682 681 33
684 679 33
689 693 33
696 745 33
722 43 33
734 744 33
741 666 33
742 700 33
743 735 33
746 723 33
753 746 33
758 336 33
760 782 33
766 818 33
779 783 33
787 788 33
791 767 33
793 763 33
795 770 33
797 774 33
801 800 33
815 802 33
817 806 33
821 840 33
823 830 33
824 825 33
825 28 33
827 828 33
832 27 33
832 324 33
852 829 33
869 864 33
883 622 33
898 260 33
902 63 33
908 900 33
916 915 33
917 937 33
919 19 33
921 65 33
921 938 33
951 956 33
959 960 33
965 867 33
967 978 33
972 759 33
975 972 33
979 54 33
979 263 33
999 998 33
1007 99 33
1019 873 33
1020 304 33
6 425 34
10 205 34
15 228 34
23 823 34
51 710 34
62 629 34
69 982 34
80 304 34
98 1009 34
207 11 34
207 201 34
208 13 34
208 209 34
226 238 34
233 232 34
233 243 34
238 242 34
240 242 34
244 245 34
249 831 34
251 891 34
252 257 34
259 265 34
264 891 34
265 264 34
275 284 34
277 285 34
285 277 34
297 295 34
311 307 34
329 339 34
331 29 34
334 325 34
339 350 34
361 359 34
374 347 34
377 383 34
385 380 34
399 340 34
400 402 34
410 411 34
413 414 34
414 415 34
418 417 34
425 6 34
432 361 34
436 362 34
442 443 34
445 339 34
452 474 34
456 489 34
459 453 34
461 457 34
464 517 34
465 484 34
467 349 34
467 504 34
475 512 34
480 8 34
481 482 34
482 569 34
487 483 34
488 436 34
503 44 34
505 506 34
512 496 34
517 422 34
518 478 34
521 551 34
521 682 34
529 565 34
533 15 34
535 721 34
538 539 34
552 522 34
560 587 34
561 585 34
565 502 34
582 553 34
586 585 34
591 595 34
592 611 34
605 593 34
625 49 34
630 629 34
633 644 34
637 62 34
648 647 34
649 634 34
649 679 34
654 751 34
668 730 34
674 778 34
676 42 34
681 682 34
693 692 34
694 696 34
695 694 34
716 676 34
717 674 34
723 697 34
728 730 34
730 731 34
739 667 34
746 745 34
751 703 34
752 753 34
754 755 34
761 781 34
763 793 34
769 772 34
779 783 34
781 761 34
794 809 34
797 774 34
805 799 34
819 777 34
826 838 34
838 24 34
838 837 34
849 104 34
849 108 34
854 852 34
858 857 34
869 761 34
873 879 34
873 886 34
876 866 34
879 877 34
881 880 34
883 622 34
887 261 34
889 56 34
893 642 34
896 60 34
897 896 34
899 898 34
900 897 34
900 909 34
901 905 34
903 639 34
912 942 34
916 20 34
917 914 34
921 65 34
923 911 34
926 911 34
931 914 34
938 18 34
940 73 34
940 921 34
942 926 34
944 659 34
948 922 34
948 947 34
952 982 34
957 72 34
958 952 34
959 70 34
960 958 34
961 963 34
965 963 34
970 965 34
979 54 34
982 69 34
983 950 34
984 988 34
985 69 34
987 1003 34
990 950 34
994 67 34
1005 91 34
1006 941 34
1009 102 34
1018 259 34
1020 306 34
2 304 35
21 915 35
28 825 35
33 858 35
33 961 35
34 870 35
37 459 35
40 883 35
43 688 35
44 450 35
49 625 35
51 655 35
51 702 35
52 699 35
62 637 35
62 653 35
63 908 35
65 926 35
70 959 35
73 940 35
94 263 35
95 988 35
109 849 35
110 999 35
218 210 35
220 221 35
229 227 35
231 237 35
240 241 35
244 245 35
255 38 35
255 250 35
262 46 35
269 889 35
273 208 35
273 277 35
276 290 35
288 287 35
297 298 35
304 1020 35
306 308 35
306 310 35
307 1 35
310 278 35
312 305 35
314 315 35
318 334 35
321 74 35
336 1016 35
339 448 35
340 30 35
347 371 35
355 358 35
362 434 35
384 344 35
385 384 35
386 353 35
401 808 35
421 420 35
424 423 35
434 362 35
440 441 35
447 375 35
449 519 35
450 44 35
452 420 35
466 459 35
467 349 35
473 44 35
474 517 35
478 519 35
493 467 35
498 500 35
512 475 35
517 474 35
518 478 35
533 15 35
535 559 35
542 523 35
545 526 35
551 521 35
551 556 35
552 553 35
555 554 35
564 563 35
583 582 35
608 17 35
621 17 35
625 49 35
634 885 35
651 740 35
656 709 35
664 53 35
679 677 35
685 732 35
688 736 35
689 43 35
689 693 35
690 694 35
705 640 35
715 501 35
717 674 35
719 716 35
725 590 35
729 662 35
732 731 35
744 702 35
751 703 35
756 757 35
758 35 35
762 865 35
763 36 35
765 760 35
790 794 35
794 784 35
796 815 35
804 458 35
806 457 35
817 806 35
826 820 35
832 833 35
836 823 35
836 835 35
853 860 35
854 852 35
864 870 35
870 967 35
887 261 35
889 980 35
890 891 35
895 894 35
912 937 35
914 917 35
920 933 35
924 923 35
933 934 35
935 933 35
950 958 35
952 985 35
955 948 35
959 949 35
960 70 35
962 786 35
965 964 35
967 971 35
968 859 35
974 966 35
974 968 35
980 1003 35
985 950 35
985 952 35
988 997 35
989 988 35
995 1001 35
996 907 35
1009 102 35
1018 645 35
2 302 36
4 301 36
12 217 36
13 208 36
13 224 36
19 617 36
22 831 36
24 855 36
27 824 36
27 832 36
29 325 36
32 287 36
35 758 36
36 764 36
38 262 36
42 676 36
43 689 36
43 722 36
51 702 36
60 896 36
63 908 36
68 1002 36
78 839 36
88 322 36
206 213 36
208 273 36
210 469 36
222 12 36
229 227 36
230 231 36
231 230 36
239 240 36
247 82 36
248 247 36
250 1009 36
253 255 36
254 267 36
257 252 36
260 898 36
264 256 36
264 265 36
265 258 36
273 208 36
274 7 36
274 282 36
277 273 36
278 292 36
283 437 36
295 296 36
311 309 36
315 305 36
318 332 36
321 335 36
322 335 36
327 276 36
334 325 36
339 350 36
342 408 36
347 32 36
348 444 36
350 351 36
351 340 36
351 350 36
358 357 36
363 440 36
368 400 36
369 768 36
370 367 36
381 407 36
391 342 36
394 392 36
397 372 36
398 445 36
399 351 36
402 376 36
408 414 36
415 393 36
417 412 36
423 424 36
423 426 36
425 6 36
432 435 36
441 281 36
448 338 36
457 806 36
471 476 36
473 819 36
480 8 36
492 451 36
493 494 36
505 451 36
507 450 36
510 502 36
518 517 36
520 463 36
522 529 36
522 551 36
522 552 36
533 15 36
536 588 36
546 526 36
546 547 36
551 45 36
553 523 36
560 583 36
563 501 36
563 716 36
566 549 36
573 533 36
576 534 36
578 543 36
597 17 36
599 610 36
609 610 36
617 616 36
625 629 36
630 632 36
631 646 36
634 667 36
636 645 36
639 947 36
642 61 36
649 634 36
649 665 36
655 629 36
659 673 36
661 754 36
675 676 36
689 668 36
694 662 36
703 744 36
706 51 36
730 733 36
732 731 36
732 733 36
742 1018 36
743 742 36
748 747 36
752 753 36
761 869 36
762 775 36
770 773 36
786 769 36
788 36 36
791 767 36
794 809 36
808 809 36
810 789 36
816 797 36
822 838 36
835 845 36
836 835 36
854 827 36
855 24 36
859 964 36
866 778 36
868 869 36
871 872 36
871 880 36
874 965 36
877 861 36
882 862 36
886 634 36
887 254 36
889 980 36
891 264 36
896 902 36
897 895 36
899 898 36
908 909 36
911 926 36
913 1008 36
915 916 36
925 923 36
929 920 36
930 1007 36
943 21 36
950 990 36
952 951 36
953 957 36
954 91 36
959 70 36
959 949 36
964 34 36
969 966 36
980 986 36
980 992 36
980 1003 36
981 995 36
991 996 36
992 987 36
995 981 36
1002 68 36
1002 1001 36
1005 92 36
1013 926 36
1015 1016 36
1016 1017 36
1 307 37
3 306 37
7 283 37
15 538 37
28 339 37
30 340 37
34 967 37
37 349 37
45 551 37
55 891 37
59 889 37
70 960 37
74 1020 37
205 214 37
214 205 37
217 222 37
217 223 37
222 217 37
225 228 37
228 235 37
241 538 37
242 238 37
263 46 37
264 891 37
266 255 37
269 257 37
279 288 37
283 437 37
290 289 37
292 294 37
298 5 37
301 302 37
302 303 37
312 307 37
319 334 37
321 74 37
331 335 37
371 399 37
376 375 37
379 380 37
384 411 37
385 380 37
386 354 37
387 410 37
413 418 37
424 427 37
430 431 37
434 432 37
435 360 37
447 446 37
452 420 37
458 460 37
463 486 37
465 484 37
469 545 37
475 453 37
475 454 37
475 512 37
480 479 37
491 467 37
497 498 37
498 514 37
502 503 37
505 506 37
508 462 37
509 473 37
521 528 37
522 552 37
529 565 37
532 571 37
536 589 37
549 552 37
551 522 37
556 555 37
559 560 37
568 567 37
578 575 37
579 538 37
580 540 37
580 581 37
599 608 37
613 612 37
615 613 37
616 919 37
623 50 37
625 641 37
626 638 37
627 624 37
631 646 37
637 713 37
647 753 37
649 683 37
654 751 37
662 668 37
664 53 37
671 663 37
671 698 37
674 675 37
677 741 37
688 689 37
699 673 37
710 51 37
713 714 37
719 527 37
723 695 37
726 682 37
733 736 37
758 779 37
758 786 37
760 782 37
777 675 37
790 770 37
806 817 37
820 831 37
830 821 37
849 104 37
854 857 37
864 870 37
864 977 37
868 865 37
873 39 37
877 861 37
882 862 37
883 633 37
883 873 37
886 884 37
891 890 37
895 894 37
902 908 37
914 931 37
926 65 37
931 19 37
932 931 37
939 922 37
955 948 37
961 964 37
967 971 37
974 966 37
981 991 37
982 985 37
983 950 37
985 952 37
986 68 37
994 993 37
995 1000 37
1000 1002 37
1002 980 37
1005 96 37
1007 96 37
1013 947 37
1019 635 37
1020 74 37
16 602 38
17 608 38
18 914 38
24 855 38
28 825 38
30 286 38
41 866 38
42 679 38
44 473 38
50 623 38
62 629 38
69 985 38
70 904 38
99 1006 38
100 1006 38
102 1009 38
205 215 38
211 237 38
216 221 38
225 234 38
226 539 38
235 236 38
244 14 38
244 245 38
253 255 38
256 254 38
261 48 38
263 46 38
270 271 38
273 277 38
279 428 38
283 280 38
295 275 38
301 302 38
302 301 38
304 303 38
306 301 38
306 308 38
312 307 38
316 300 38
316 311 38
326 325 38
330 323 38
331 335 38
333 317 38
333 324 38
339 448 38
350 339 38
355 32 38
357 345 38
365 338 38
374 446 38
376 381 38
392 390 38
396 422 38
406 442 38
408 414 38
421 420 38
431 436 38
435 432 38
448 31 38
458 460 38
460 803 38
462 498 38
479 518 38
480 465 38
481 471 38
496 512 38
504 505 38
520 481 38
523 530 38
530 523 38
532 571 38
533 219 38
536 561 38
537 544 38
540 580 38
543 540 38
551 556 38
583 582 38
595 525 38
596 599 38
599 610 38
625 653 38
630 61 38
642 641 38
644 635 38
655 712 38
661 754 38
664 53 38
670 671 38
676 42 38
679 680 38
681 687 38
682 521 38
693 734 38
696 723 38
698 748 38
711 714 38
736 737 38
737 732 38
742 1018 38
744 702 38
760 35 38
763 781 38
769 786 38
779 783 38
784 768 38
791 767 38
794 784 38
800 785 38
802 348 38
811 810 38
813 793 38
819 777 38
832 27 38
835 821 38
836 823 38
856 962 38
859 855 38
859 858 38
865 875 38
869 864 38
870 864 38
885 665 38
887 254 38
893 894 38
901 909 38
902 630 38
903 639 38
909 901 38
914 931 38
925 923 38
926 911 38
926 939 38
935 917 38
941 944 38
945 912 38
947 1013 38
950 958 38
954 957 38
958 952 38
959 906 38
962 974 38
963 860 38
966 35 38
974 968 38
990 950 38
999 110 38
1003 993 38
1005 928 38
1012 904 38
1019 740 38
10 214 39
19 931 39
23 835 39
23 839 39
27 824 39
31 779 39
32 356 39
40 633 39
43 668 39
46 262 39
50 623 39
51 655 39
53 664 39
65 936 39
75 849 39
101 263 39
104 849 39
108 849 39
207 11 39
214 205 39
228 15 39
228 235 39
233 232 39
235 226 39
236 602 39
237 211 39
247 83 39
248 249 39
251 55 39
252 268 39
254 39 39
259 260 39
260 646 39
265 264 39
267 871 39
279 288 39
290 276 39
295 275 39
297 299 39
298 297 39
304 80 39
307 308 39
309 308 39
340 30 39
347 371 39
348 444 39
350 351 39
352 377 39
366 365 39
372 374 39
373 370 39
374 347 39
375 373 39
381 447 39
387 386 39
390 382 39
399 347 39
406 343 39
407 413 39
410 344 39
411 416 39
415 342 39
437 434 39
438 439 39
441 281 39
446 379 39
455 471 39
468 487 39
482 569 39
484 465 39
489 456 39
490 506 39
493 467 39
496 492 39
513 512 39
521 682 39
525 586 39
537 540 39
545 526 39
548 551 39
553 552 39
569 568 39
576 534 39
579 538 39
580 540 39
593 607 39
597 17 39
602 16 39
608 600 39
624 646 39
636 645 39
639 947 39
640 659 39
641 625 39
649 683 39
649 885 39
653 706 39
655 708 39
662 668 39
681 687 39
687 42 39
690 694 39
697 663 39
702 51 39
702 704 39
702 751 39
703 744 39
706 51 39
707 712 39
709 648 39
710 661 39
721 722 39
722 724 39
724 725 39
748 755 39
749 748 39
758 786 39
762 766 39
762 793 39
762 813 39
763 764 39
767 791 39
771 759 39
771 974 39
774 792 39
787 769 39
789 788 39
791 764 39
793 813 39
799 805 39
800 388 39
803 816 39
806 805 39
809 800 39
820 826 39
821 832 39
824 821 39
855 859 39
865 866 39
865 875 39
870 864 39
870 967 39
876 862 39
883 887 39
900 990 39
921 65 39
926 942 39
936 935 39
943 21 39
946 18 39
949 71 39
953 956 39
963 961 39
964 961 39
966 974 39
968 969 39
970 867 39
973 976 39
976 978 39
979 992 39
986 59 39
991 996 39
1003 57 39
1005 92 39
1005 99 39
1007 100 39
1013 630 39
1019 740 39
4 301 40
12 217 40
31 405 40
33 858 40
35 966 40
38 255 40
45 551 40
50 700 40
53 664 40
57 992 40
65 926 40
73 940 40
83 247 40
88 322 40
91 1005 40
109 849 40
204 203 40
213 454 40
215 207 40
218 210 40
223 217 40
228 227 40
228 235 40
238 235 40
243 232 40
251 891 40
265 259 40
268 251 40
273 208 40
281 202 40
282 298 40
287 354 40
289 270 40
290 1 40
296 300 40
298 274 40
299 297 40
300 296 40
302 2 40
302 301 40
304 1020 40
306 4 40
306 1020 40
307 1 40
310 278 40
320 340 40
323 320 40
332 333 40
334 332 40
336 1017 40
355 32 40
356 32 40
364 338 40
366 369 40
367 368 40
384 411 40
393 37 40
401 403 40
405 406 40
414 419 40
421 474 40
427 431 40
428 279 40
428 282 40
430 426 40
434 362 40
446 347 40
454 455 40
455 454 40
457 507 40
460 348 40
464 459 40
465 480 40
476 471 40
478 477 40
484 518 40
485 470 40
495 511 40
499 396 40
505 451 40
517 422 40
517 464 40
519 484 40
521 682 40
530 523 40
532 533 40
533 571 40
534 531 40
539 579 40
540 537 40
542 534 40
559 557 40
566 549 40
579 538 40
579 595 40
591 945 40
613 609 40
625 629 40
628 643 40
631 646 40
633 644 40
640 659 40
641 625 40
641 642 40
644 635 40
646 623 40
656 654 40
674 778 40
697 663 40
702 51 40
706 51 40
706 652 40
719 527 40
720 595 40
722 724 40
735 734 40
748 747 40
749 748 40
756 749 40
758 779 40
774 792 40
779 787 40
785 403 40
789 769 40
790 794 40
793 762 40
804 803 40
814 815 40
815 802 40
815 816 40
816 798 40
821 824 40
821 830 40
827 24 40
831 826 40
835 23 40
836 835 40
849 75 40
849 103 40
855 24 40
856 852 40
859 858 40
867 882 40
870 861 40
870 967 40
875 41 40
877 876 40
884 633 40
891 55 40
894 896 40
900 902 40
902 63 40
906 959 40
915 21 40
916 915 40
919 918 40
926 939 40
927 940 40
928 73 40
928 927 40
950 958 40
956 957 40
960 70 40
960 958 40
962 34 40
963 961 40
968 969 40
971 967 40
972 759 40
973 976 40
975 976 40
981 995 40
985 952 40
987 979 40
987 992 40
993 1000 40
996 907 40
1005 955 40
1007 96 40
1011 959 40
1018 1019 40
1 290 41
6 456 41
11 206 41
16 602 41
18 937 41
18 946 41
27 317 41
36 767 41
38 262 41
39 254 41
60 893 41
60 900 41
63 947 41
67 995 41
68 986 41
211 208 41
223 217 41
223 220 41
230 231 41
241 538 41
247 83 41
257 979 41
259 1019 41
264 265 41
266 256 41
267 38 41
270 299 41
272 285 41
282 279 41
283 437 41
289 270 41
292 293 41
297 298 41
301 4 41
301 302 41
302 303 41
304 2 41
305 321 41
311 307 41
311 316 41
322 88 41
327 276 41
327 290 41
328 1014 41
339 350 41
339 448 41
343 404 41
347 32 41
347 371 41
355 345 41
373 370 41
378 379 41
386 354 41
389 388 41
393 421 41
398 445 41
401 403 41
409 386 41
412 413 41
422 394 41
427 431 41
435 432 41
453 475 41
454 475 41
455 44 41
456 6 41
456 489 41
457 490 41
459 499 41
460 803 41
471 476 41
476 568 41
478 519 41
489 456 41
489 488 41
493 467 41
511 453 41
512 496 41
512 511 41
513 454 41
523 553 41
527 716 41
528 548 41
533 15 41
542 523 41
544 538 41
545 547 41
554 521 41
560 587 41
561 585 41
568 567 41
571 570 41
571 572 41
572 573 41
574 543 41
574 575 41
579 538 41
586 585 41
588 589 41
600 609 41
610 618 41
617 19 41
619 918 41
623 646 41
627 899 41
632 630 41
635 644 41
636 623 41
640 626 41
650 636 41
657 671 41
660 681 41
661 754 41
665 649 41
669 722 41
679 649 41
681 682 41
685 684 41
687 727 41
692 651 41
712 653 41
712 655 41
714 638 41
716 718 41
727 725 41
735 692 41
746 723 41
747 746 41
750 749 41
750 757 41
752 656 41
767 36 41
768 366 41
771 974 41
777 676 41
777 778 41
813 793 41
823 23 41
824 821 41
826 839 41
828 852 41
836 23 41
852 855 41
855 852 41
855 859 41
856 855 41
856 962 41
860 872 41
870 34 41
881 255 41
881 871 41
881 880 41
883 887 41
884 883 41
886 634 41
887 265 41
897 895 41
900 897 41
906 901 41
910 906 41
913 943 41
914 931 41
916 20 41
916 915 41
934 933 41
936 65 41
940 927 41
946 18 41
946 592 41
947 63 41
949 959 41
954 91 41
964 34 41
964 965 41
975 972 41
979 987 41
986 980 41
987 979 41
992 987 41
993 1000 41
995 981 41
996 991 41
998 989 41
999 95 41
1004 1001 41
1015 1016 41
1016 336 41
4 306 42
10 206 42
21 915 42
22 831 42
27 824 42
40 633 42
48 890 42
57 889 42
60 900 42
61 630 42
66 998 42
68 986 42
205 10 42
207 215 42
208 13 42
208 209 42
209 208 42
213 214 42
224 13 42
225 234 42
235 226 42
238 234 42
240 241 42
244 245 42
246 244 42
250 255 42
255 38 42
259 258 42
259 1019 42
272 202 42
272 281 42
272 285 42
282 279 42
290 289 42
295 297 42
297 298 42
298 274 42
300 296 42
302 301 42
304 80 42
307 311 42
309 311 42
310 309 42
312 315 42
317 27 42
317 319 42
325 340 42
327 290 42
337 336 42
339 28 42
340 352 42
342 408 42
349 395 42
350 339 42
357 425 42
358 429 42
365 368 42
372 374 42
381 447 42
386 353 42
393 37 42
395 493 42
403 402 42
408 407 42
418 423 42
422 421 42
424 6 42
428 360 42
429 435 42
430 362 42
437 434 42
448 338 42
449 477 42
454 513 42
474 517 42
479 518 42
485 470 42
517 474 42
530 45 42
531 572 42
536 588 42
537 544 42
541 531 42
543 544 42
555 535 42
562 524 42
565 502 42
566 565 42
586 562 42
601 604 42
604 226 42
610 614 42
612 592 42
615 613 42
621 17 42
627 899 42
630 628 42
630 632 42
632 924 42
640 659 42
647 656 42
656 709 42
661 647 42
663 669 42
666 42 42
666 717 42
676 42 42
676 777 42
679 42 42
679 649 42
694 662 42
696 43 42
696 723 42
698 699 42
699 52 42
700 50 42
710 661 42
712 653 42
715 819 42
722 590 42
730 733 42
734 744 42
740 742 42
742 700 42
747 697 42
749 699 42
761 41 42
766 762 42
777 766 42
778 776 42
792 780 42
799 817 42
805 804 42
808 809 42
809 808 42
827 828 42
833 825 42
839 845 42
840 847 42
845 839 42
845 840 42
849 106 42
859 858 42
861 870 42
869 761 42
870 967 42
872 853 42
891 55 42
891 890 42
893 60 42
894 896 42
898 899 42
900 990 42
901 909 42
906 959 42
910 960 42
917 914 42
920 933 42
926 1013 42
927 928 42
929 920 42
931 919 42
936 921 42
946 592 42
948 955 42
951 956 42
956 957 42
957 72 42
960 910 42
965 963 42
966 35 42
966 973 42
968 859 42
970 867 42
978 864 42
980 1003 42
984 988 42
1007 96 42
1007 1006 42
5 310 43
13 208 43
13 211 43
14 244 43
16 601 43
29 325 43
38 262 43
39 254 43
52 714 43
55 891 43
69 985 43
88 322 43
217 216 43
221 230 43
226 235 43
235 228 43
247 248 43
255 38 43
257 979 43
262 253 43
265 264 43
273 278 43
274 280 43
277 273 43
278 310 43
286 30 43
286 270 43
296 295 43
298 274 43
299 300 43
304 303 43
306 1020 43
312 307 43
319 317 43
326 327 43
345 355 43
346 353 43
349 392 43
357 425 43
361 359 43
366 365 43
370 367 43
375 373 43
376 375 43
378 347 43
381 405 43
398 397 43
401 808 43
404 376 43
406 343 43
426 359 43
436 362 43
439 284 43
442 390 43
443 389 43
449 519 43
452 474 43
469 547 43
474 517 43
480 466 43
485 546 43
494 495 43
495 496 43
503 516 43
508 462 43
525 53 43
525 595 43
530 541 43
534 542 43
536 561 43
537 525 43
538 15 43
541 542 43
545 547 43
547 532 43
549 550 43
551 45 43
553 552 43
571 546 43
571 572 43
573 239 43
583 582 43
585 537 43
586 562 43
590 535 43
592 611 43
600 601 43
610 618 43
619 598 43
622 883 43
640 659 43
641 624 43
642 893 43
645 700 43
647 656 43
649 679 43
653 625 43
659 673 43
663 669 43
665 677 43
670 671 43
679 677 43
682 719 43
696 723 43
700 701 43
711 714 43
720 586 43
722 590 43
731 727 43
745 752 43
747 697 43
747 746 43
756 757 43
759 765 43
762 817 43
768 790 43
770 773 43
787 769 43
799 817 43
800 388 43
804 803 43
805 799 43
810 789 43
817 818 43
821 832 43
822 837 43
824 27 43
825 28 43
826 838 43
829 834 43
834 758 43
836 823 43
838 820 43
839 826 43
839 845 43
840 845 43
849 75 43
849 103 43
858 961 43
867 861 43
868 865 43
888 892 43
889 56 43
891 251 43
893 60 43
899 888 43
904 905 43
906 904 43
921 936 43
925 923 43
932 931 43
937 18 43
938 942 43
939 922 43
939 938 43
947 63 43
947 948 43
949 959 43
956 953 43
959 906 43
962 786 43
967 978 43
971 967 43
973 976 43
977 760 43
983 986 43
988 996 43
1003 993 43
1013 925 43
1019 873 43
1020 306 43
1 290 44
1 316 44
11 207 44
17 597 44
19 617 44
21 943 44
32 287 44
37 393 44
44 450 44
44 473 44
47 887 44
48 890 44
62 637 44
68 1003 44
73 940 44
91 1005 44
96 1006 44
100 1007 44
201 456 44
209 208 44
210 469 44
211 13 44
211 210 44
221 230 44
230 224 44
231 237 44
233 243 44
249 831 44
255 33 44
259 265 44
261 887 44
277 285 44
282 360 44
285 272 44
286 326 44
293 292 44
294 283 44
295 296 44
299 288 44
300 296 44
309 310 44
317 333 44
320 329 44
327 331 44
333 317 44
338 448 44
355 32 44
358 429 44
360 435 44
361 430 44
367 368 44
382 405 44
395 396 44
396 422 44
396 464 44
411 412 44
416 355 44
418 417 44
424 423 44
425 6 44
428 279 44
434 362 44
442 443 44
448 338 44
450 497 44
454 513 44
472 462 44
475 214 44
476 482 44
476 568 44
479 465 44
480 479 44
482 485 44
489 215 44
494 495 44
497 513 44
499 493 44
501 473 44
507 450 44
513 497 44
518 517 44
530 523 44
532 533 44
537 525 44
539 579 44
541 542 44
543 540 44
546 547 44
553 523 44
565 502 44
580 578 44
588 559 44
589 535 44
596 597 44
628 630 44
628 643 44
629 653 44
635 634 44
637 638 44
638 923 44
642 628 44
646 260 44
655 708 44
666 678 44
695 694 44
715 501 44
721 670 44
729 696 44
749 699 44
754 747 44
765 975 44
767 765 44
767 791 44
774 792 44
774 811 44
778 776 44
784 768 44
791 764 44
797 796 44
817 762 44
818 777 44
823 829 44
824 1016 44
825 833 44
849 108 44
849 109 44
852 829 44
852 855 44
860 963 44
866 778 44
875 863 44
880 39 44
883 40 44
887 261 44
890 48 44
900 897 44
901 905 44
910 960 44
911 925 44
911 926 44
913 920 44
924 637 44
927 928 44
936 929 44
939 922 44
942 926 44
943 934 44
948 955 44
957 72 44
957 955 44
979 55 44
979 263 44
982 991 44
983 70 44
984 982 44
994 67 44
995 1000 44
997 999 44
1002 1000 44
1010 951 44
1013 947 44
1020 306 44
7 283 45
9 277 45
31 366 45
35 869 45
42 679 45
43 689 45
57 1003 45
58 627 45
62 629 45
62 637 45
70 983 45
71 958 45
72 957 45
74 1020 45
92 1005 45
94 999 45
106 849 45
206 213 45
208 211 45
209 207 45
210 211 45
224 228 45
227 603 45
229 597 45
231 237 45
239 240 45
239 576 45
242 239 45
247 82 45
257 252 45
258 259 45
264 256 45
268 269 45
273 278 45
281 284 45
284 281 45
285 272 45
287 286 45
290 1 45
291 296 45
295 296 45
301 306 45
304 80 45
306 308 45
306 1020 45
307 308 45
311 309 45
323 324 45
336 834 45
336 1017 45
337 1015 45
338 337 45
345 355 45
349 37 45
349 395 45
373 370 45
389 801 45
391 393 45
400 401 45
419 418 45
431 436 45
439 284 45
450 497 45
452 474 45
464 459 45
469 210 45
485 546 45
504 505 45
506 507 45
518 478 45
518 517 45
520 463 45
521 555 45
526 470 45
533 15 45
536 561 45
558 560 45
575 576 45
581 580 45
585 537 45
616 617 45
618 617 45
621 17 45
629 62 45
629 632 45
644 622 45
662 668 45
672 711 45
673 664 45
676 715 45
684 683 45
686 660 45
692 651 45
700 50 45
700 650 45
702 751 45
712 653 45
718 678 45
719 527 45
722 590 45
730 731 45
731 686 45
734 744 45
743 735 45
748 747 45
761 869 45
762 793 45
772 810 45
773 796 45
786 758 45
800 388 45
807 461 45
815 802 45
836 23 45
845 840 45
852 828 45
852 829 45
853 250 45
855 24 45
866 41 45
872 871 45
884 633 45
888 58 45
893 892 45
896 60 45
898 890 45
899 888 45
900 909 45
902 900 45
903 639 45
909 983 45
912 914 45
916 932 45
919 19 45
919 932 45
922 921 45
928 940 45
929 930 45
930 1007 45
942 912 45
945 930 45
947 1011 45
950 990 45
954 91 45
956 953 45
962 974 45
964 34 45
964 961 45
968 969 45
977 760 45
978 864 45
981 991 45
986 68 45
994 67 45
998 66 45
999 94 45
999 998 45
1001 1002 45
1004 986 45
1005 928 45
1006 941 45
1009 98 45
1010 951 45
3 306 46
5 298 46
12 210 46
14 244 46
15 228 46
21 943 46
27 333 46
28 825 46
32 356 46
33 961 46
39 880 46
43 696 46
45 551 46
48 261 46
49 625 46
55 251 46
55 979 46
57 889 46
62 653 46
63 908 46
67 994 46
68 1003 46
74 321 46
80 304 46
83 247 46
91 1005 46
103 849 46
205 214 46
206 11 46
211 237 46
219 222 46
225 234 46
228 15 46
233 211 46
238 235 46
241 574 46
247 83 46
249 248 46
250 853 46
261 48 46
277 9 46
293 292 46
299 288 46
307 312 46
316 314 46
323 833 46
325 340 46
335 331 46
336 1017 46
344 378 46
348 444 46
359 356 46
362 438 46
364 779 46
371 398 46
375 373 46
375 374 46
391 342 46
405 408 46
415 393 46
418 423 46
424 427 46
425 428 46
428 282 46
434 362 46
455 471 46
457 507 46
464 459 46
476 482 46
477 427 46
480 466 46
488 449 46
490 506 46
497 450 46
498 514 46
503 44 46
505 506 46
519 489 46
529 549 46
536 561 46
540 580 46
543 544 46
544 538 46
555 521 46
559 557 46
596 597 46
606 603 46
608 607 46
615 616 46
617 614 46
629 628 46
639 947 46
643 896 46
646 260 46
647 656 46
661 647 46
663 669 46
664 591 46
667 651 46
667 688 46
673 664 46
680 660 46
681 660 46
686 660 46
689 43 46
695 694 46
697 663 46
697 698 46
700 650 46
704 652 46
707 708 46
708 654 46
713 714 46
716 527 46
724 728 46
728 690 46
729 696 46
730 733 46
747 746 46
755 672 46
762 817 46
764 791 46
767 765 46
769 786 46
776 766 46
777 676 46
777 766 46
783 768 46
803 802 46
803 816 46
805 804 46
813 793 46
822 828 46
835 845 46
839 826 46
842 322 46
856 855 46
858 857 46
860 963 46
864 870 46
864 977 46
868 865 46
868 869 46
870 967 46
879 267 46
881 255 46
885 884 46
890 891 46
892 889 46
896 902 46
897 895 46
899 627 46
902 908 46
909 901 46
912 914 46
914 917 46
926 942 46
929 930 46
931 19 46
933 935 46
934 916 46
936 929 46
937 917 46
939 938 46
940 921 46
948 922 46
952 985 46
955 957 46
965 970 46
975 976 46
978 977 46
979 263 46
982 985 46
987 979 46
988 997 46
993 1000 46
1000 1002 46
1002 68 46
1006 941 46
1009 250 46
1018 259 46
1019 873 46
1 290 47
13 224 47
19 931 47
24 838 47
28 328 47
34 962 47
42 666 47
42 676 47
50 652 47
82 322 47
83 322 47
98 1009 47
100 1006 47
102 1009 47
201 456 47
208 273 47
208 277 47
221 230 47
225 234 47
232 229 47
237 231 47
242 239 47
245 244 47
248 247 47
252 263 47
263 262 47
270 288 47
272 202 47
276 314 47
283 437 47
297 295 47
302 303 47
304 2 47
331 29 47
336 1017 47
337 1015 47
339 448 47
349 37 47
351 398 47
357 345 47
366 31 47
366 369 47
371 398 47
375 373 47
380 447 47
383 341 47
393 394 47
393 421 47
394 395 47
415 393 47
416 355 47
425 428 47
429 435 47
454 513 47
457 507 47
457 806 47
462 498 47
473 461 47
474 8 47
475 454 47
492 496 47
516 515 47
523 581 47
525 53 47
535 559 47
538 539 47
539 226 47
542 523 47
547 532 47
548 551 47
551 521 47
561 585 47
562 673 47
564 563 47
566 549 47
568 476 47
575 240 47
581 582 47
589 721 47
598 599 47
607 606 47
614 613 47
623 646 47
627 892 47
632 64 47
634 649 47
634 885 47
646 624 47
661 754 47
674 675 47
688 736 47
692 651 47
696 43 47
702 751 47
704 707 47
708 709 47
714 640 47
714 658 47
748 755 47
753 754 47
755 756 47
759 765 47
759 772 47
760 782 47
762 775 47
767 772 47
769 772 47
770 789 47
779 783 47
785 403 47
793 763 47
819 777 47
821 824 47
821 830 47
821 840 47
823 830 47
832 27 47
836 835 47
861 870 47
867 882 47
869 761 47
879 877 47
886 635 47
891 251 47
893 892 47
898 260 47
901 905 47
904 903 47
916 934 47
923 911 47
925 924 47
926 65 47
937 936 47
937 938 47
939 922 47
939 926 47
943 913 47
949 71 47
960 910 47
963 965 47
967 971 47
973 972 47
985 71 47
986 983 47
993 994 47
1001 1004 47
1002 1000 47
1004 981 47
1004 986 47
1005 93 47
1009 102 47
1009 248 47
1019 1018 47
6 424 48
6 425 48
8 474 48
27 824 48
30 340 48
34 962 48
36 764 48
63 902 48
67 996 48
83 247 48
91 1010 48
99 1005 48
103 849 48
207 11 48
212 209 48
213 214 48
214 10 48
216 224 48
217 223 48
226 235 48
228 235 48
236 227 48
236 602 48
242 533 48
255 38 48
261 48 48
268 251 48
269 889 48
280 274 48
292 293 48
293 275 48
298 5 48
302 304 48
304 80 48
306 4 48
312 305 48
319 317 48
322 88 48
327 276 48
330 833 48
334 319 48
337 336 48
345 354 48
349 37 48
351 398 48
356 417 48
359 358 48
365 448 48
367 368 48
383 409 48
384 411 48
387 410 48
388 442 48
392 443 48
394 395 48
399 340 48
402 373 48
405 406 48
406 442 48
412 385 48
423 356 48
428 360 48
429 361 48
443 444 48
451 495 48
452 420 48
454 475 48
455 471 48
459 499 48
463 486 48
467 349 48
481 482 48
487 466 48
500 503 48
502 503 48
506 490 48
512 475 48
514 455 48
517 464 48
537 525 48
552 558 48
555 535 48
561 585 48
567 516 48
570 569 48
573 534 48
584 587 48
600 601 48
601 16 48
623 50 48
627 892 48
629 628 48
640 626 48
642 893 48
652 50 48
659 52 48
666 42 48
673 750 48
677 741 48
689 668 48
704 707 48
708 654 48
710 51 48
716 718 48
725 590 48
731 727 48
741 666 48
742 1018 48
759 772 48
762 817 48
770 773 48
773 774 48
782 764 48
783 366 48
796 795 48
806 457 48
812 798 48
817 818 48
824 1016 48
847 830 48
853 860 48
854 857 48
864 967 48
877 876 48
880 39 48
880 874 48
886 884 48
892 888 48
912 937 48
919 932 48
920 933 48
922 927 48
926 1013 48
927 922 48
932 916 48
934 916 48
937 18 48
938 18 48
942 944 48
946 912 48
948 947 48
959 949 48
960 910 48
961 858 48
962 856 48
965 867 48
967 971 48
969 964 48
976 971 48
985 69 48
986 1004 48
990 950 48
990 984 48
992 57 48
999 998 48
1002 1000 48
1003 68 48
1009 98 48
1009 250 48
1011 1012 48
1019 740 48
1020 304 48
2 304 49
5 298 49
15 228 49
15 538 49
20 916 49
24 855 49
31 448 49
33 963 49
47 264 49
47 887 49
48 890 49
50 652 49
52 699 49
54 979 49
70 904 49
91 1010 49
93 1006 49
201 456 49
207 201 49
213 454 49
215 205 49
226 235 49
227 236 49
237 233 49
244 246 49
251 891 49
258 887 49
259 258 49
259 260 49
262 38 49
267 38 49
272 285 49
273 277 49
273 278 49
291 296 49
296 291 49
301 306 49
303 304 49
305 312 49
307 308 49
316 314 49
317 27 49
322 82 49
325 29 49
333 27 49
338 337 49
339 367 49
340 325 49
342 408 49
351 398 49
355 356 49
356 355 49
359 356 49
359 358 49
360 357 49
361 430 49
365 338 49
367 368 49
380 381 49
383 341 49
409 410 49
422 421 49
428 279 49
435 433 49
448 339 49
452 424 49
467 349 49
474 452 49
475 214 49
479 465 49
480 465 49
484 489 49
497 513 49
499 396 49
502 472 49
506 490 49
506 507 49
514 513 49
520 481 49
521 527 49
522 45 49
526 470 49
532 533 49
535 589 49
567 566 49
569 541 49
576 577 49
588 589 49
590 554 49
595 591 49
596 599 49
602 16 49
602 603 49
603 621 49
618 619 49
619 618 49
625 629 49
626 640 49
627 58 49
637 632 49
653 712 49
655 629 49
658 672 49
668 43 49
673 750 49
677 741 49
679 42 49
691 669 49
692 651 49
700 650 49
700 701 49
703 744 49
716 718 49
719 716 49
720 586 49
731 686 49
735 734 49
760 35 49
761 41 49
762 775 49
764 780 49
767 765 49
784 768 49
786 787 49
817 806 49
818 807 49
819 777 49
821 830 49
822 838 49
826 839 49
829 823 49
831 22 49
835 821 49
836 822 49
845 840 49
849 103 49
852 828 49
855 859 49
864 869 49
870 864 49
880 871 49
882 876 49
883 40 49
885 665 49
889 269 49
897 895 49
902 908 49
912 937 49
912 942 49
915 21 49
917 914 49
918 619 49
924 923 49
928 1005 49
931 615 49
947 1011 49
947 1013 49
949 71 49
951 72 49
953 949 49
958 952 49
963 965 49
964 965 49
967 970 49
971 967 49
973 972 49
989 988 49
1002 68 49
1017 836 49
1 316 50
5 299 50
6 456 50
7 274 50
15 533 50
27 333 50
27 832 50
30 340 50
34 964 50
41 885 50
43 722 50
45 522 50
45 551 50
50 623 50
53 525 50
55 891 50
61 624 50
68 986 50
70 960 50
70 983 50
73 928 50
74 842 50
80 304 50
93 1006 50
97 999 50
103 849 50
206 213 50
207 201 50
209 207 50
210 12 50
214 205 50
217 220 50
227 236 50
230 224 50
231 230 50
234 533 50
242 238 50
243 232 50
245 244 50
248 247 50
250 1009 50
256 254 50
256 264 50
257 252 50
257 269 50
263 262 50
266 256 50
267 254 50
268 252 50
269 268 50
274 280 50
274 433 50
277 285 50
287 32 50
288 279 50
289 354 50
292 294 50
297 298 50
310 309 50
314 276 50
319 317 50
320 329 50
323 833 50
326 286 50
328 330 50
334 332 50
337 336 50
339 1014 50
343 404 50
353 287 50
354 345 50
358 357 50
359 356 50
365 368 50
367 365 50
369 768 50
370 400 50
378 347 50
390 391 50
393 37 50
411 412 50
416 387 50
435 360 50
446 347 50
446 447 50
448 338 50
448 339 50
449 477 50
460 803 50
465 484 50
472 509 50
479 465 50
480 8 50
481 471 50
484 465 50
488 449 50
489 484 50
501 510 50
503 566 50
507 457 50
514 513 50
516 515 50
527 521 50
528 548 50
535 589 50
535 721 50
551 45 50
555 554 50
557 522 50
559 557 50
563 716 50
569 541 50
570 485 50
579 525 50
585 537 50
595 525 50
596 597 50
606 605 50
608 17 50
621 17 50
624 641 50
631 899 50
640 52 50
642 61 50
647 656 50
653 625 50
653 706 50
654 704 50
658 672 50
664 53 50
676 716 50
701 702 50
701 743 50
708 709 50
712 653 50
714 658 50
715 819 50
728 730 50
737 732 50
767 765 50
772 767 50
773 774 50
780 763 50
781 782 50
788 783 50
789 788 50
790 770 50
813 793 50
816 797 50
820 827 50
820 831 50
826 820 50
826 839 50
829 852 50
830 847 50
831 827 50
833 825 50
837 835 50
847 830 50
849 109 50
855 859 50
864 869 50
864 870 50
871 872 50
888 58 50
889 56 50
892 888 50
893 894 50
907 897 50
913 920 50
914 931 50
917 935 50
921 65 50
925 64 50
926 911 50
928 1005 50
931 919 50
934 916 50
938 937 50
940 927 50
942 944 50
947 1011 50
952 958 50
958 71 50
962 856 50
970 867 50
990 984 50
991 981 50
999 94 50
999 97 50
1000 1002 50
1002 980 50
1004 1001 50
1005 928 50
1009 248 50
1016 336 50
1018 645 50
1019 740 50
