# Synthetic Temporal Directed Graph
# Generated from: /Users/mehdi/Desktop/Network_Analysis/TSD/data/anaheim_edges.txt
# source = 303
# target = 330
# deadline = 25
# deadline_note = paper_deadline: L0=2, mult=3, cap_T=50, min_frac=0.5
# max_timestamp = 50
# T (horizon) = 50
# phase1_paths_extracted = 4
# phase1_aligned_runs_range = (4, 8)
# phase1_step = 2
# phase2_noise_k_range = (2, 5)
# u v t
15 254 1
23 416 1
28 303 1
32 333 1
37 401 1
41 273 1
59 146 1
64 63 1
65 64 1
69 258 1
78 77 1
86 85 1
87 86 1
90 293 1
98 97 1
103 59 1
111 110 1
113 195 1
125 366 1
127 126 1
162 161 1
166 6 1
171 170 1
187 186 1
191 190 1
202 201 1
203 202 1
211 210 1
228 227 1
245 244 1
252 208 1
255 70 1
255 256 1
263 264 1
264 143 1
266 256 1
266 277 1
272 271 1
274 41 1
283 282 1
283 284 1
292 273 1
297 148 1
297 298 1
299 239 1
299 315 1
303 319 1
306 198 1
307 180 1
308 295 1
309 308 1
313 310 1
321 305 1
322 18 1
330 339 1
333 358 1
337 338 1
340 351 1
341 30 1
343 344 1
347 245 1
347 357 1
349 350 1
354 355 1
355 371 1
356 357 1
362 10 1
374 375 1
380 381 1
383 382 1
383 384 1
384 401 1
386 370 1
386 385 1
386 387 1
394 36 1
400 401 1
403 386 1
404 413 1
414 405 1
3 74 2
19 364 2
29 337 2
37 402 2
38 407 2
39 266 2
44 308 2
47 333 2
50 373 2
62 2 2
64 189 2
70 69 2
77 76 2
94 93 2
141 140 2
161 160 2
164 163 2
172 393 2
188 187 2
213 212 2
218 392 2
223 346 2
231 230 2
236 235 2
238 237 2
242 317 2
256 266 2
257 258 2
269 261 2
277 299 2
295 294 2
299 277 2
303 28 2
303 319 2
330 31 2
337 336 2
338 337 2
339 344 2
346 347 2
365 158 2
366 365 2
371 372 2
372 373 2
375 363 2
389 388 2
393 392 2
407 38 2
30 341 3
33 337 3
39 266 3
54 230 3
57 54 3
69 258 3
71 255 3
78 77 3
81 80 3
96 95 3
99 283 3
101 278 3
104 103 3
111 291 3
120 400 3
130 129 3
138 236 3
144 143 3
148 147 3
169 168 3
171 170 3
172 171 3
181 180 3
182 181 3
184 112 3
192 191 3
201 335 3
203 202 3
209 392 3
210 250 3
214 7 3
217 216 3
230 229 3
248 374 3
254 255 3
255 70 3
264 143 3
265 264 3
274 293 3
277 266 3
284 283 3
292 305 3
293 274 3
298 134 3
303 289 3
303 319 3
308 307 3
314 313 3
317 241 3
319 330 3
322 323 3
324 129 3
341 30 3
346 347 3
352 351 3
353 341 3
370 386 3
381 380 3
390 407 3
393 170 3
397 20 3
402 403 3
404 387 3
404 405 3
406 53 3
407 416 3
414 22 3
13 262 4
21 413 4
22 415 4
27 303 4
37 402 4
47 333 4
51 378 4
64 189 4
74 73 4
88 1 4
99 98 4
110 109 4
120 119 4
120 400 4
144 264 4
146 145 4
158 157 4
161 160 4
205 376 4
217 216 4
231 56 4
255 256 4
267 259 4
267 281 4
282 283 4
290 94 4
295 308 4
303 289 4
303 319 4
310 151 4
319 330 4
327 315 4
333 47 4
339 344 4
346 222 4
351 350 4
366 124 4
368 367 4
370 354 4
371 372 4
373 372 4
378 379 4
382 381 4
385 49 4
385 384 4
388 387 4
396 394 4
400 119 4
403 402 4
404 405 4
408 211 4
408 409 4
412 21 4
8 411 5
23 416 5
26 273 5
27 303 5
28 303 5
50 373 5
63 62 5
64 63 5
73 72 5
83 82 5
97 288 5
130 129 5
157 349 5
160 159 5
163 162 5
165 164 5
209 392 5
212 408 5
239 238 5
240 239 5
259 80 5
264 265 5
266 256 5
270 271 5
271 192 5
271 270 5
284 285 5
289 108 5
291 110 5
296 297 5
303 28 5
303 43 5
303 289 5
305 306 5
305 321 5
306 307 5
307 306 5
310 313 5
319 330 5
321 333 5
333 358 5
346 345 5
348 18 5
349 156 5
357 373 5
360 359 5
366 124 5
366 367 5
373 35 5
373 50 5
377 174 5
382 381 5
387 371 5
389 50 5
390 389 5
391 390 5
400 119 5
403 404 5
407 390 5
407 408 5
413 21 5
3 74 6
33 361 6
38 406 6
47 333 6
50 389 6
55 59 6
79 78 6
103 59 6
116 115 6
120 400 6
127 126 6
127 350 6
188 187 6
190 63 6
194 193 6
196 92 6
201 335 6
221 220 6
232 58 6
256 78 6
266 277 6
267 281 6
276 17 6
284 283 6
289 108 6
298 299 6
303 43 6
303 289 6
307 308 6
308 309 6
319 330 6
323 322 6
324 323 6
333 321 6
334 335 6
340 351 6
341 30 6
341 45 6
343 342 6
350 351 6
354 355 6
355 343 6
355 371 6
356 344 6
357 358 6
358 357 6
365 366 6
367 384 6
368 369 6
371 387 6
372 356 6
377 378 6
387 386 6
396 410 6
399 400 6
407 38 6
407 53 6
415 406 6
5 165 7
9 395 7
15 254 7
26 274 7
30 340 7
41 274 7
43 304 7
52 401 7
54 56 7
73 72 7
73 141 7
98 97 7
101 100 7
108 107 7
116 115 7
135 134 7
139 138 7
185 184 7
192 191 7
201 200 7
215 214 7
219 218 7
232 231 7
233 232 7
243 242 7
248 247 7
259 258 7
263 16 7
264 265 7
265 264 7
267 24 7
287 288 7
289 108 7
295 308 7
296 276 7
299 298 7
303 43 7
323 324 7
334 321 7
337 44 7
343 355 7
349 348 7
353 369 7
355 343 7
356 372 7
358 357 7
360 361 7
378 377 7
379 378 7
381 380 7
381 382 7
384 401 7
386 403 7
387 404 7
404 403 7
405 388 7
410 409 7
10 362 8
13 262 8
26 273 8
35 373 8
36 378 8
39 266 8
43 304 8
52 401 8
60 102 8
62 2 8
77 141 8
79 256 8
108 107 8
110 109 8
113 183 8
113 195 8
116 294 8
119 118 8
123 122 8
134 133 8
137 136 8
152 151 8
152 310 8
159 158 8
169 168 8
193 271 8
208 207 8
213 212 8
223 222 8
262 273 8
266 265 8
271 272 8
283 284 8
284 283 8
289 108 8
294 293 8
298 134 8
303 42 8
303 43 8
305 292 8
308 295 8
315 314 8
317 241 8
322 18 8
330 339 8
334 321 8
337 29 8
339 330 8
349 156 8
351 352 8
359 360 8
362 10 8
364 365 8
365 364 8
369 370 8
373 374 8
375 374 8
378 377 8
380 381 8
381 380 8
385 386 8
390 389 8
392 393 8
394 36 8
397 20 8
402 52 8
406 415 8
408 211 8
410 411 8
413 21 8
7 253 9
19 380 9
33 337 9
34 385 9
43 304 9
54 56 9
54 230 9
64 63 9
67 66 9
67 260 9
100 99 9
107 106 9
108 107 9
113 112 9
116 294 9
163 162 9
168 409 9
177 176 9
181 180 9
191 190 9
199 198 9
211 210 9
220 219 9
233 232 9
268 40 9
274 26 9
281 282 9
299 315 9
303 42 9
303 43 9
304 312 9
315 314 9
315 327 9
318 317 9
323 153 9
333 321 9
333 334 9
335 200 9
336 178 9
336 337 9
337 29 9
337 33 9
341 30 9
341 327 9
350 349 9
357 347 9
358 363 9
367 351 9
368 367 9
381 380 9
382 383 9
387 404 9
389 50 9
389 390 9
389 406 9
391 390 9
394 36 9
396 394 9
406 38 9
414 405 9
416 23 9
26 274 10
42 302 10
43 304 10
51 378 10
52 402 10
58 145 10
61 136 10
72 71 10
73 141 10
75 3 10
81 259 10
88 1 10
93 92 10
93 195 10
107 106 10
108 107 10
123 122 10
126 125 10
130 324 10
142 76 10
155 154 10
172 171 10
179 178 10
181 180 10
181 307 10
190 85 10
199 306 10
203 359 10
205 204 10
209 208 10
212 211 10
214 7 10
220 363 10
247 246 10
254 15 10
255 254 10
266 39 10
266 265 10
270 271 10
273 41 10
276 296 10
283 98 10
290 269 10
294 295 10
303 42 10
304 312 10
321 334 10
341 45 10
349 348 10
359 358 10
362 361 10
365 158 10
367 351 10
371 387 10
375 374 10
376 377 10
377 376 10
398 399 10
401 37 10
402 52 10
402 403 10
404 405 10
406 415 10
19 380 11
29 308 11
39 267 11
42 302 11
43 304 11
50 389 11
57 235 11
60 102 11
95 94 11
103 59 11
106 105 11
107 106 11
125 124 11
153 152 11
161 381 11
168 167 11
172 171 11
184 112 11
184 183 11
204 203 11
205 204 11
209 392 11
210 209 11
223 346 11
234 4 11
242 317 11
252 208 11
256 255 11
261 260 11
263 16 11
271 192 11
271 272 11
276 17 11
285 284 11
293 294 11
294 293 11
294 295 11
297 296 11
303 42 11
304 312 11
312 320 11
327 326 11
335 336 11
337 29 11
341 342 11
344 356 11
348 349 11
353 354 11
357 347 11
357 356 11
360 176 11
362 361 11
375 363 11
384 385 11
388 372 11
390 389 11
393 394 11
401 384 11
402 403 11
409 410 11
415 22 11
42 302 12
60 230 12
79 78 12
84 83 12
89 88 12
93 92 12
106 105 12
107 106 12
114 113 12
115 114 12
116 115 12
134 133 12
136 135 12
138 60 12
148 147 12
162 161 12
182 181 12
190 85 12
193 192 12
195 194 12
205 376 12
207 206 12
238 61 12
242 317 12
246 347 12
253 252 12
255 70 12
257 14 12
264 265 12
267 39 12
267 259 12
268 25 12
273 41 12
278 100 12
281 282 12
284 283 12
291 290 12
297 296 12
299 239 12
302 311 12
303 42 12
304 312 12
312 320 12
317 318 12
322 323 12
336 337 12
339 344 12
342 341 12
346 347 12
353 369 12
355 354 12
356 355 12
357 356 12
357 358 12
357 373 12
359 202 12
365 366 12
369 49 12
370 354 12
373 357 12
374 247 12
380 19 12
384 367 12
399 398 12
407 416 12
1 117 13
21 412 13
21 413 13
22 415 13
30 340 13
32 333 13
37 401 13
40 269 13
41 273 13
42 302 13
48 361 13
77 76 13
84 83 13
93 92 13
94 93 13
99 98 13
103 237 13
105 279 13
106 105 13
117 116 13
125 366 13
132 314 13
147 57 13
152 310 13
171 216 13
175 377 13
188 187 13
196 195 13
210 209 13
210 250 13
213 212 13
216 215 13
220 363 13
223 346 13
237 236 13
238 237 13
240 299 13
246 245 13
248 374 13
251 250 13
252 208 13
255 256 13
259 80 13
268 287 13
272 273 13
273 262 13
284 285 13
288 96 13
291 110 13
297 148 13
302 311 13
303 42 13
304 312 13
305 306 13
312 320 13
313 310 13
314 313 13
320 332 13
337 33 13
341 342 13
363 375 13
374 247 13
375 390 13
380 19 13
382 381 13
400 401 13
402 412 13
405 404 13
407 53 13
415 22 13
11 309 14
15 254 14
39 266 14
40 269 14
42 302 14
57 235 14
70 69 14
79 256 14
80 79 14
101 278 14
105 279 14
106 105 14
110 109 14
113 183 14
120 400 14
123 382 14
131 130 14
133 132 14
143 142 14
145 144 14
150 149 14
160 159 14
177 360 14
187 186 14
213 212 14
240 299 14
247 246 14
252 251 14
253 252 14
261 82 14
264 143 14
266 277 14
271 192 14
272 186 14
276 296 14
302 311 14
305 292 14
309 308 14
311 226 14
312 320 14
317 318 14
320 332 14
326 327 14
342 343 14
343 342 14
344 339 14
347 357 14
355 354 14
364 19 14
367 351 14
370 369 14
370 371 14
372 371 14
373 50 14
375 219 14
378 379 14
382 122 14
388 387 14
389 35 14
389 50 14
403 404 14
406 389 14
406 405 14
406 415 14
8 411 15
11 309 15
21 413 15
38 407 15
42 302 15
52 402 15
59 146 15
71 70 15
88 1 15
101 100 15
105 279 15
119 118 15
120 119 15
137 136 15
140 139 15
144 264 15
151 150 15
154 323 15
156 155 15
157 349 15
163 162 15
168 409 15
171 216 15
179 178 15
186 185 15
218 392 15
240 239 15
269 270 15
273 262 15
279 280 15
288 287 15
290 94 15
297 298 15
298 299 15
302 311 15
303 27 15
307 308 15
311 226 15
312 320 15
320 332 15
327 326 15
332 331 15
333 47 15
337 48 15
342 343 15
352 353 15
361 33 15
365 364 15
369 353 15
379 378 15
381 160 15
382 122 15
386 403 15
387 404 15
390 375 15
391 392 15
397 20 15
401 37 15
406 53 15
408 407 15
416 23 15
13 262 16
18 322 16
21 412 16
24 267 16
26 273 16
39 267 16
48 337 16
51 394 16
55 59 16
56 102 16
61 136 16
97 96 16
104 103 16
105 279 16
122 121 16
134 133 16
136 135 16
149 297 16
152 310 16
159 365 16
175 174 16
178 177 16
186 185 16
196 92 16
202 201 16
212 408 16
223 222 16
226 225 16
231 230 16
238 61 16
240 239 16
242 241 16
247 246 16
248 247 16
248 374 16
252 251 16
262 273 16
263 264 16
271 192 16
277 228 16
277 266 16
279 280 16
288 287 16
293 89 16
296 297 16
299 298 16
302 311 16
311 226 16
313 325 16
320 332 16
322 18 16
325 326 16
327 341 16
330 31 16
332 331 16
335 334 16
337 338 16
347 245 16
347 346 16
347 357 16
348 18 16
351 352 16
354 370 16
357 373 16
360 361 16
368 369 16
373 357 16
386 387 16
390 391 16
398 399 16
399 398 16
402 385 16
403 402 16
408 409 16
410 411 16
413 404 16
416 23 16
4 233 17
18 348 17
21 412 17
24 266 17
25 269 17
41 273 17
49 369 17
52 402 17
74 73 17
85 84 17
88 1 17
93 183 17
102 101 17
113 183 17
121 120 17
153 152 17
165 164 17
175 377 17
226 225 17
247 246 17
260 66 17
260 261 17
261 260 17
279 280 17
280 300 17
281 267 17
293 294 17
294 115 17
296 310 17
298 299 17
302 311 17
305 292 17
311 226 17
318 317 17
320 332 17
323 324 17
325 313 17
331 330 17
332 331 17
333 32 17
346 222 17
346 345 17
354 353 17
370 369 17
371 372 17
386 385 17
390 407 17
391 249 17
393 394 17
403 404 17
416 23 17
16 263 18
30 340 18
32 333 18
34 369 18
41 273 18
51 378 18
53 406 18
53 407 18
57 54 18
62 2 18
64 189 18
71 70 18
76 75 18
80 79 18
82 81 18
83 82 18
125 124 18
129 128 18
144 143 18
148 147 18
150 149 18
159 365 18
173 172 18
175 174 18
181 180 18
183 182 18
187 186 18
203 359 18
225 330 18
226 225 18
229 228 18
230 229 18
236 235 18
246 347 18
262 13 18
274 275 18
279 280 18
280 300 18
288 96 18
296 310 18
311 226 18
318 317 18
322 18 18
323 153 18
326 325 18
327 341 18
331 330 18
332 331 18
333 47 18
335 334 18
346 345 18
347 346 18
352 351 18
356 372 18
359 360 18
361 378 18
362 361 18
364 365 18
371 370 18
375 363 18
380 19 18
384 385 18
387 386 18
390 407 18
397 398 18
404 387 18
414 405 18
416 407 18
16 263 19
20 397 19
24 266 19
36 378 19
44 337 19
59 146 19
69 68 19
75 3 19
82 81 19
86 189 19
89 88 19
97 96 19
113 195 19
115 114 19
120 119 19
123 382 19
129 128 19
136 135 19
159 158 19
168 167 19
168 409 19
177 360 19
184 92 19
189 188 19
225 330 19
226 225 19
236 235 19
244 243 19
267 24 19
273 26 19
277 228 19
277 266 19
280 300 19
292 273 19
296 276 19
300 316 19
303 27 19
308 309 19
310 151 19
311 226 19
313 314 19
321 305 19
331 330 19
332 331 19
335 200 19
338 337 19
340 30 19
347 346 19
349 156 19
351 340 19
353 354 19
355 354 19
358 333 19
358 359 19
359 358 19
361 33 19
365 158 19
365 366 19
384 383 19
388 372 19
388 405 19
393 392 19
394 51 19
406 415 19
22 414 20
25 269 20
40 269 20
49 369 20
49 385 20
54 230 20
61 136 20
66 65 20
69 68 20
71 255 20
78 77 20
86 189 20
103 61 20
133 132 20
144 143 20
147 57 20
176 175 20
179 336 20
181 180 20
184 92 20
184 183 20
196 112 20
196 195 20
201 335 20
212 408 20
217 169 20
225 330 20
226 225 20
242 317 20
244 243 20
245 244 20
251 391 20
259 258 20
261 82 20
263 264 20
265 139 20
269 270 20
280 300 20
283 98 20
284 285 20
287 268 20
290 291 20
298 297 20
299 315 20
300 316 20
303 27 20
331 330 20
337 336 20
340 30 20
340 45 20
341 327 20
342 341 20
354 355 20
356 344 20
356 357 20
367 384 20
372 356 20
373 357 20
374 247 20
378 36 20
379 378 20
388 405 20
389 388 20
392 391 20
398 397 20
402 52 20
404 403 20
410 411 20
19 364 21
26 273 21
53 407 21
71 70 21
77 141 21
91 90 21
112 111 21
113 112 21
128 127 21
131 130 21
132 314 21
133 132 21
136 135 21
142 72 21
147 146 21
177 176 21
203 202 21
215 214 21
225 330 21
226 225 21
234 4 21
238 237 21
241 240 21
249 248 21
266 24 21
267 268 21
268 25 21
284 285 21
299 315 21
300 316 21
306 307 21
316 328 21
323 153 21
325 340 21
331 330 21
336 178 21
339 243 21
351 350 21
355 356 21
358 333 21
363 375 21
368 369 21
373 357 21
379 9 21
380 19 21
383 382 21
387 404 21
389 390 21
390 389 21
394 36 21
394 395 21
394 396 21
396 410 21
401 52 21
401 384 21
405 414 21
412 21 21
414 405 21
10 338 22
58 137 22
60 230 22
67 66 22
90 89 22
103 61 22
118 5 22
121 120 22
132 131 22
143 142 22
161 160 22
162 161 22
174 173 22
177 176 22
187 272 22
189 188 22
196 195 22
199 306 22
207 206 22
209 208 22
225 330 22
229 228 22
231 56 22
236 235 22
245 244 22
253 252 22
255 70 22
261 260 22
261 269 22
262 13 22
268 25 22
269 290 22
270 269 22
274 293 22
277 299 22
282 283 22
283 284 22
293 274 22
300 316 22
316 328 22
317 318 22
324 325 22
325 326 22
335 200 22
337 44 22
344 339 22
349 348 22
353 352 22
354 342 22
362 361 22
371 355 22
372 356 22
375 376 22
385 402 22
389 35 22
389 388 22
14 257 23
17 276 23
22 415 23
34 369 23
38 407 23
39 266 23
67 66 23
70 69 23
96 95 23
97 288 23
112 111 23
114 113 23
140 265 23
155 154 23
197 196 23
199 306 23
206 205 23
208 207 23
213 212 23
217 169 23
218 217 23
224 223 23
225 330 23
229 228 23
249 248 23
253 252 23
256 255 23
258 257 23
259 267 23
264 265 23
265 264 23
269 40 23
275 274 23
295 294 23
310 313 23
315 299 23
316 328 23
328 329 23
334 333 23
334 335 23
340 30 23
340 351 23
345 346 23
348 349 23
349 350 23
351 352 23
354 353 23
355 356 23
356 372 23
365 364 23
369 49 23
373 374 23
378 379 23
381 160 23
388 405 23
400 399 23
4 233 24
7 253 24
14 257 24
19 380 24
22 414 24
31 330 24
36 394 24
66 65 24
90 89 24
99 283 24
128 127 24
141 140 24
167 166 24
177 176 24
179 336 24
198 197 24
199 198 24
203 359 24
204 203 24
206 205 24
224 223 24
232 231 24
241 240 24
246 347 24
257 258 24
264 263 24
266 39 24
266 256 24
276 296 24
281 282 24
287 268 24
287 288 24
295 308 24
306 305 24
307 180 24
310 313 24
316 328 24
324 323 24
328 329 24
330 339 24
341 342 24
343 344 24
353 352 24
354 342 24
357 358 24
370 354 24
376 375 24
378 377 24
379 378 24
387 371 24
387 386 24
399 398 24
405 406 24
408 211 24
7 253 25
18 322 25
21 412 25
51 378 25
51 394 25
66 65 25
73 72 25
76 75 25
81 80 25
81 259 25
111 110 25
113 195 25
116 115 25
132 314 25
138 137 25
138 236 25
175 377 25
185 184 25
191 190 25
193 192 25
194 193 25
216 215 25
233 232 25
251 391 25
252 251 25
265 264 25
269 270 25
271 270 25
272 273 25
275 12 25
288 96 25
290 269 25
294 293 25
298 297 25
307 308 25
310 296 25
314 313 25
321 334 25
324 323 25
328 329 25
329 46 25
335 336 25
341 327 25
351 340 25
353 352 25
356 355 25
358 357 25
358 363 25
361 48 25
361 360 25
363 358 25
367 384 25
368 369 25
369 353 25
389 388 25
392 207 25
399 163 25
401 400 25
405 404 25
407 38 25
413 404 25
12 275 26
21 413 26
24 267 26
25 269 26
35 389 26
36 378 26
37 402 26
40 269 26
57 235 26
95 290 26
111 291 26
113 112 26
132 131 26
137 136 26
145 144 26
161 381 26
164 163 26
173 172 26
180 179 26
183 182 26
189 188 26
198 197 26
205 376 26
218 392 26
229 228 26
238 55 26
239 238 26
242 241 26
244 243 26
256 255 26
257 258 26
264 263 26
266 265 26
285 284 26
286 285 26
305 306 26
308 295 26
314 315 26
325 313 26
326 325 26
327 315 26
328 329 26
329 46 26
330 31 26
333 321 26
333 358 26
334 333 26
335 336 26
336 178 26
336 337 26
337 338 26
338 10 26
342 354 26
348 18 26
355 356 26
360 176 26
361 33 26
367 368 26
373 35 26
374 247 26
375 363 26
376 375 26
388 389 26
395 9 26
397 20 26
404 387 26
410 409 26
416 23 26
19 364 27
24 266 27
29 337 27
39 267 27
41 274 27
46 330 27
50 389 27
65 64 27
86 85 27
86 189 27
97 96 27
103 61 27
123 382 27
126 125 27
130 129 27
134 133 27
139 138 27
140 139 27
149 148 27
149 297 27
152 151 27
159 365 27
179 178 27
181 307 27
186 185 27
219 218 27
250 249 27
260 66 27
265 139 27
267 268 27
274 41 27
274 275 27
275 12 27
276 296 27
285 284 27
293 294 27
294 295 27
297 296 27
299 277 27
299 315 27
306 305 27
308 295 27
314 131 27
325 326 27
329 46 27
336 337 27
346 222 27
347 245 27
349 350 27
350 126 27
350 349 27
372 356 27
375 376 27
378 36 27
378 51 27
378 361 27
383 382 27
385 386 27
387 386 27
389 406 27
390 391 27
392 391 27
400 401 27
401 384 27
405 406 27
8 411 28
23 416 28
30 341 28
46 330 28
47 333 28
64 189 28
72 71 28
79 78 28
85 84 28
99 283 28
132 131 28
143 142 28
147 57 28
160 159 28
163 162 28
170 169 28
173 172 28
174 173 28
197 196 28
205 376 28
207 206 28
210 209 28
224 223 28
246 245 28
267 39 28
271 272 28
272 273 28
274 275 28
296 310 28
305 306 28
317 241 28
322 18 28
324 323 28
327 341 28
329 46 28
335 200 28
340 351 28
341 327 28
341 342 28
343 342 28
344 339 28
346 345 28
348 349 28
357 358 28
369 368 28
370 354 28
370 369 28
375 390 28
376 375 28
378 36 28
378 379 28
394 395 28
398 397 28
402 385 28
407 390 28
411 8 28
412 402 28
17 276 29
46 330 29
53 407 29
70 69 29
81 259 29
101 278 29
159 158 29
171 170 29
179 336 29
187 186 29
210 209 29
210 250 29
216 215 29
238 55 29
254 15 29
259 80 29
261 82 29
267 268 29
272 273 29
275 274 29
277 228 29
283 98 29
287 288 29
288 287 29
291 290 29
309 11 29
309 308 29
310 151 29
313 310 29
315 299 29
315 327 29
333 32 29
342 354 29
343 342 29
358 359 29
361 362 29
366 365 29
369 34 29
370 386 29
372 373 29
377 378 29
382 383 29
398 399 29
400 119 29
400 399 29
404 403 29
411 410 29
5 165 30
12 275 30
29 337 30
33 361 30
40 268 30
46 330 30
52 401 30
67 66 30
67 260 30
73 72 30
78 77 30
83 82 30
111 110 30
116 294 30
130 324 30
161 381 30
172 393 30
173 172 30
199 306 30
245 244 30
250 249 30
251 250 30
256 255 30
265 139 30
268 40 30
274 26 30
275 274 30
278 100 30
282 283 30
296 297 30
296 310 30
299 298 30
313 314 30
323 322 30
324 129 30
341 353 30
348 18 30
354 353 30
354 355 30
366 367 30
370 369 30
372 371 30
375 219 30
375 363 30
378 361 30
378 377 30
380 19 30
381 380 30
382 122 30
384 383 30
384 401 30
385 34 30
386 370 30
386 403 30
388 372 30
388 389 30
391 249 30
391 392 30
392 391 30
392 393 30
393 170 30
395 9 30
400 401 30
402 412 30
405 388 30
406 389 30
410 396 30
2 87 31
9 379 31
16 263 31
22 415 31
25 268 31
26 274 31
32 333 31
33 361 31
36 378 31
60 230 31
75 3 31
79 256 31
97 288 31
102 101 31
127 350 31
149 297 31
152 151 31
153 152 31
156 155 31
168 167 31
168 409 31
172 393 31
179 178 31
184 183 31
193 192 31
201 335 31
204 203 31
221 220 31
222 221 31
232 58 31
239 238 31
242 317 31
259 267 31
262 13 31
264 143 31
269 261 31
277 266 31
282 281 31
285 286 31
288 287 31
294 293 31
306 198 31
323 322 31
330 31 31
330 224 31
333 32 31
338 10 31
341 353 31
346 347 31
350 351 31
351 367 31
353 369 31
357 356 31
360 176 31
361 48 31
361 360 31
362 10 31
367 366 31
368 369 31
371 370 31
373 35 31
375 390 31
383 382 31
383 384 31
386 370 31
387 388 31
388 387 31
390 407 31
401 384 31
414 22 31
19 380 32
55 59 32
59 146 32
68 67 32
73 141 32
122 121 32
135 298 32
138 60 32
140 139 32
162 161 32
170 169 32
178 177 32
184 112 32
196 195 32
228 227 32
249 248 32
255 254 32
293 89 32
305 292 32
336 335 32
340 45 32
341 353 32
344 356 32
347 245 32
355 343 32
358 357 32
360 176 32
361 33 32
370 386 32
371 387 32
380 381 32
385 49 32
402 412 32
407 38 32
408 211 32
18 322 33
33 337 33
34 385 33
38 407 33
53 406 33
58 145 33
64 63 33
64 189 33
65 64 33
69 258 33
79 256 33
91 90 33
135 134 33
142 72 33
147 146 33
148 147 33
152 310 33
158 157 33
160 159 33
175 377 33
178 177 33
231 230 33
251 250 33
258 257 33
264 143 33
266 39 33
273 292 33
274 275 33
276 296 33
282 281 33
297 296 33
306 198 33
308 29 33
308 295 33
314 131 33
321 333 33
323 153 33
336 178 33
337 44 33
342 354 33
345 346 33
358 333 33
370 369 33
374 247 33
376 375 33
376 377 33
382 122 33
382 383 33
384 383 33
385 49 33
386 385 33
387 404 33
397 398 33
398 397 33
400 399 33
405 388 33
407 416 33
409 410 33
413 404 33
12 275 34
21 412 34
28 303 34
39 267 34
101 100 34
124 123 34
138 60 34
151 150 34
164 399 34
182 181 34
183 182 34
184 183 34
185 184 34
221 220 34
238 61 34
239 238 34
246 245 34
251 250 34
256 266 34
260 261 34
262 273 34
263 264 34
269 40 34
275 12 34
276 17 34
294 293 34
296 276 34
308 307 34
325 324 34
343 355 34
361 360 34
361 378 34
365 158 34
371 370 34
386 403 34
394 393 34
396 410 34
402 37 34
409 167 34
410 396 34
4 233 35
37 401 35
48 337 35
55 59 35
56 102 35
59 146 35
69 68 35
77 76 35
83 82 35
87 86 35
96 95 35
100 99 35
101 278 35
103 61 35
125 124 35
125 366 35
127 350 35
132 314 35
139 138 35
145 144 35
160 159 35
161 381 35
172 171 35
173 172 35
208 207 35
210 209 35
231 230 35
234 4 35
250 249 35
256 266 35
266 24 35
267 39 35
273 292 35
285 284 35
291 110 35
291 290 35
295 308 35
313 314 35
324 325 35
337 44 35
338 10 35
339 344 35
340 325 35
343 344 35
344 356 35
346 345 35
351 352 35
353 369 35
367 384 35
369 370 35
372 388 35
375 376 35
382 383 35
387 386 35
401 52 35
402 385 35
402 403 35
411 8 35
5 165 36
9 379 36
23 416 36
25 268 36
25 269 36
35 373 36
38 406 36
41 274 36
44 337 36
45 340 36
49 385 36
54 230 36
63 62 36
66 65 36
71 255 36
81 259 36
83 261 36
84 83 36
100 99 36
120 400 36
127 350 36
136 135 36
149 148 36
154 323 36
181 307 36
186 185 36
190 85 36
212 211 36
231 230 36
233 232 36
235 234 36
248 247 36
258 259 36
259 267 36
261 82 36
265 266 36
266 256 36
268 267 36
270 271 36
274 293 36
275 274 36
277 266 36
291 290 36
292 305 36
294 115 36
296 297 36
297 298 36
307 306 36
322 323 36
344 339 36
347 357 36
350 351 36
353 341 36
354 370 36
359 202 36
365 158 36
371 370 36
372 373 36
375 374 36
376 204 36
378 51 36
378 377 36
378 379 36
385 384 36
387 388 36
390 407 36
391 249 36
392 391 36
399 163 36
405 414 36
406 415 36
408 211 36
409 408 36
410 409 36
412 402 36
2 87 37
6 213 37
16 263 37
27 303 37
48 361 37
50 373 37
60 102 37
70 69 37
92 91 37
112 111 37
118 5 37
140 265 37
147 146 37
178 177 37
200 199 37
206 205 37
207 206 37
212 408 37
219 218 37
229 277 37
251 391 37
254 255 37
273 26 37
275 12 37
278 100 37
284 283 37
298 297 37
307 306 37
314 315 37
317 318 37
326 325 37
333 334 37
334 335 37
344 343 37
351 367 37
353 369 37
362 10 37
392 207 37
395 394 37
398 397 37
401 37 37
402 37 37
402 52 37
403 386 37
30 340 38
30 341 38
34 385 38
41 274 38
48 337 38
50 389 38
78 77 38
80 79 38
86 189 38
99 98 38
124 123 38
138 137 38
138 236 38
166 6 38
167 166 38
169 168 38
179 336 38
194 193 38
203 359 38
218 217 38
220 219 38
242 241 38
256 255 38
256 266 38
265 266 38
268 40 38
271 270 38
273 26 38
287 288 38
291 110 38
298 134 38
306 307 38
323 322 38
333 334 38
334 333 38
337 33 38
338 10 38
338 337 38
344 343 38
349 156 38
349 350 38
358 357 38
361 48 38
362 10 38
364 19 38
364 365 38
369 370 38
378 361 38
381 382 38
384 383 38
389 35 38
394 395 38
395 9 38
405 406 38
407 408 38
21 413 39
35 389 39
38 407 39
40 268 39
44 337 39
51 394 39
54 56 39
76 75 39
86 85 39
93 195 39
99 98 39
101 278 39
104 103 39
130 324 39
149 297 39
168 167 39
171 216 39
172 393 39
183 182 39
200 199 39
229 277 39
230 229 39
238 61 39
240 239 39
244 339 39
245 244 39
258 68 39
259 80 39
263 16 39
264 265 39
266 265 39
270 269 39
271 272 39
276 17 39
281 267 39
298 297 39
314 131 39
323 322 39
325 313 39
325 326 39
336 335 39
340 45 39
341 45 39
372 388 39
375 376 39
376 204 39
378 51 39
379 378 39
389 406 39
393 170 39
393 394 39
394 393 39
394 396 39
400 399 39
402 412 39
404 405 39
409 410 39
9 379 40
23 416 40
52 401 40
56 102 40
62 2 40
72 71 40
92 91 40
98 97 40
104 103 40
114 113 40
132 314 40
145 144 40
154 153 40
154 323 40
157 156 40
172 171 40
176 175 40
197 196 40
201 335 40
208 207 40
214 7 40
229 228 40
229 277 40
248 374 40
255 256 40
262 273 40
277 299 40
283 98 40
291 290 40
299 239 40
305 292 40
310 296 40
313 310 40
314 313 40
324 129 40
325 340 40
327 315 40
330 224 40
334 321 40
334 333 40
337 29 40
337 44 40
339 330 40
340 325 40
343 344 40
352 351 40
355 356 40
363 358 40
365 364 40
367 366 40
381 382 40
383 384 40
388 387 40
389 390 40
390 375 40
401 37 40
406 53 40
411 410 40
416 407 40
1 117 41
13 262 41
22 414 41
30 340 41
33 337 41
33 361 41
44 308 41
67 66 41
71 255 41
74 73 41
120 119 41
121 120 41
126 125 41
134 133 41
135 134 41
195 194 41
214 7 41
215 214 41
233 232 41
251 391 41
258 68 41
268 25 41
269 25 41
275 274 41
277 228 41
282 281 41
286 285 41
290 94 41
306 305 41
307 306 41
313 310 41
317 241 41
324 325 41
333 334 41
333 358 41
334 335 41
335 334 41
337 336 41
343 342 41
343 355 41
355 354 41
358 359 41
359 202 41
360 359 41
369 370 41
371 370 41
373 50 41
375 374 41
375 376 41
382 122 41
393 394 41
397 20 41
402 52 41
404 403 41
406 405 41
409 408 41
411 410 41
8 411 42
20 397 42
37 401 42
38 406 42
44 337 42
76 75 42
95 290 42
115 114 42
120 119 42
123 382 42
132 131 42
135 134 42
177 176 42
184 92 42
184 183 42
185 184 42
188 187 42
196 92 42
217 169 42
218 217 42
240 239 42
247 246 42
250 249 42
256 266 42
257 14 42
261 269 42
266 24 42
269 25 42
269 270 42
290 94 42
290 269 42
290 291 42
306 305 42
314 315 42
323 153 42
324 325 42
325 340 42
330 224 42
334 333 42
336 335 42
340 30 42
341 30 42
342 343 42
345 346 42
349 348 42
350 126 42
357 373 42
358 359 42
368 367 42
370 386 42
371 355 42
372 373 42
377 378 42
378 361 42
384 367 42
385 34 42
388 405 42
393 170 42
400 399 42
402 403 42
406 53 42
407 38 42
413 404 42
10 362 43
25 268 43
26 273 43
26 274 43
29 308 43
49 385 43
71 255 43
74 73 43
103 237 43
112 111 43
138 137 43
154 323 43
205 376 43
211 210 43
222 221 43
241 240 43
258 257 43
266 24 43
268 25 43
272 271 43
276 17 43
292 273 43
293 294 43
296 297 43
297 148 43
308 309 43
309 11 43
324 323 43
325 340 43
327 341 43
337 33 43
339 330 43
344 343 43
351 350 43
358 333 43
374 373 43
375 390 43
377 376 43
384 367 43
386 403 43
389 406 43
392 391 43
394 396 43
395 394 43
396 215 43
399 398 43
408 407 43
411 8 43
414 405 43
1 117 44
3 74 44
22 415 44
31 330 44
35 373 44
37 402 44
54 230 44
68 67 44
86 189 44
87 86 44
94 93 44
95 290 44
125 124 44
137 136 44
145 144 44
157 156 44
163 162 44
168 409 44
174 173 44
188 187 44
190 85 44
193 271 44
196 112 44
211 210 44
232 231 44
234 4 44
239 238 44
260 261 44
266 277 44
269 40 44
272 273 44
296 276 44
305 321 44
308 29 44
308 44 44
321 305 44
321 334 44
322 323 44
326 327 44
330 224 44
341 342 44
350 349 44
352 353 44
359 360 44
364 365 44
369 34 44
381 382 44
385 34 44
385 402 44
386 387 44
390 375 44
400 401 44
407 53 44
407 390 44
407 408 44
16 263 45
19 364 45
52 402 45
61 136 45
80 79 45
83 261 45
116 115 45
117 116 45
124 123 45
125 124 45
140 139 45
142 76 45
143 142 45
147 146 45
157 349 45
161 160 45
171 170 45
181 307 45
187 272 45
189 188 45
190 63 45
217 216 45
223 346 45
232 58 45
234 4 45
248 247 45
249 248 45
254 15 45
258 259 45
268 267 45
269 290 45
274 293 45
283 284 45
292 273 45
303 27 45
307 308 45
308 44 45
310 313 45
314 313 45
315 314 45
322 323 45
333 32 45
336 335 45
338 10 45
339 330 45
340 45 45
344 339 45
356 344 45
367 351 45
367 366 45
369 353 45
369 368 45
374 373 45
377 174 45
377 378 45
393 394 45
404 387 45
405 404 45
410 411 45
6 213 46
9 395 46
24 266 46
26 274 46
28 303 46
37 402 46
45 341 46
48 337 46
54 56 46
55 59 46
73 72 46
85 84 46
92 91 46
95 94 46
96 95 46
113 112 46
113 195 46
115 114 46
125 366 46
127 350 46
133 132 46
137 136 46
146 145 46
151 150 46
154 153 46
157 156 46
170 169 46
178 177 46
180 179 46
194 193 46
209 208 46
218 217 46
230 229 46
238 55 46
248 374 46
252 208 46
258 68 46
260 66 46
261 260 46
271 270 46
296 310 46
321 305 46
326 327 46
339 243 46
348 349 46
355 343 46
357 373 46
367 366 46
367 368 46
373 372 46
376 204 46
385 386 46
387 371 46
388 372 46
392 393 46
394 51 46
394 396 46
405 414 46
415 406 46
1 117 47
25 269 47
35 389 47
41 273 47
47 333 47
58 137 47
81 80 47
81 259 47
97 288 47
152 310 47
153 152 47
164 399 47
167 166 47
169 168 47
174 173 47
186 185 47
187 186 47
211 210 47
218 217 47
237 236 47
246 347 47
254 15 47
257 258 47
259 267 47
264 263 47
273 272 47
285 286 47
290 269 47
295 294 47
307 306 47
325 324 47
334 335 47
335 334 47
361 378 47
367 366 47
369 353 47
369 370 47
377 174 47
379 9 47
384 383 47
389 390 47
390 391 47
392 393 47
394 396 47
399 400 47
401 400 47
406 38 47
406 405 47
407 416 47
11 309 48
12 275 48
18 348 48
44 337 48
50 373 48
58 137 48
66 65 48
127 126 48
135 298 48
154 153 48
156 155 48
165 164 48
170 169 48
183 182 48
196 92 48
196 195 48
198 197 48
202 201 48
207 206 48
222 221 48
229 277 48
243 242 48
244 339 48
253 252 48
266 24 48
271 270 48
283 98 48
285 284 48
299 298 48
317 241 48
318 317 48
326 325 48
333 47 48
336 335 48
337 29 48
344 356 48
351 350 48
355 354 48
359 202 48
361 362 48
366 124 48
368 367 48
374 375 48
377 174 48
379 9 48
383 382 48
385 49 48
389 388 48
390 375 48
401 37 48
401 384 48
403 386 48
403 404 48
405 388 48
407 416 48
409 167 48
412 21 48
416 407 48
4 233 49
9 395 49
27 303 49
28 303 49
36 394 49
41 274 49
51 378 49
57 235 49
93 183 49
94 93 49
95 290 49
97 288 49
103 61 49
111 110 49
138 236 49
156 155 49
159 158 49
174 173 49
182 181 49
197 196 49
201 200 49
222 221 49
223 222 49
244 243 49
256 78 49
262 273 49
269 261 49
269 270 49
270 269 49
272 186 49
282 281 49
290 94 49
291 110 49
292 273 49
315 314 49
323 324 49
333 32 49
335 200 49
337 48 49
340 45 49
348 349 49
349 348 49
354 355 49
357 358 49
363 375 49
369 368 49
370 354 49
371 372 49
372 373 49
379 9 49
382 381 49
384 385 49
385 49 49
385 386 49
386 370 49
386 387 49
389 35 49
390 375 49
398 399 49
401 400 49
3 74 50
10 338 50
13 262 50
15 254 50
29 337 50
45 340 50
45 341 50
50 373 50
58 145 50
79 78 50
84 83 50
90 293 50
92 91 50
99 98 50
111 291 50
112 111 50
122 121 50
135 134 50
140 139 50
140 265 50
144 143 50
148 147 50
151 150 50
159 158 50
164 163 50
170 169 50
181 307 50
182 181 50
189 188 50
192 191 50
200 199 50
205 204 50
223 222 50
232 231 50
235 234 50
240 299 50
254 255 50
255 256 50
257 258 50
259 267 50
261 82 50
267 24 50
268 40 50
268 267 50
268 287 50
273 272 50
277 228 50
281 282 50
283 282 50
284 285 50
293 274 50
293 294 50
296 276 50
309 308 50
310 151 50
313 325 50
317 318 50
324 325 50
342 343 50
346 347 50
351 350 50
352 353 50
355 343 50
358 363 50
360 176 50
365 364 50
368 367 50
370 371 50
373 50 50
380 381 50
381 160 50
385 384 50
385 386 50
388 405 50
390 389 50
391 249 50
391 390 50
396 215 50
404 413 50
406 53 50
