# Synthetic Temporal Directed Graph
# Generated from: /Users/mehdi/Desktop/Network_Analysis/TSD/data/EMA_edges.txt
# source = 60
# target = 22
# deadline = 25
# deadline_note = paper_deadline: L0=3, mult=3, cap_T=50, min_frac=0.5
# max_timestamp = 50
# T (horizon) = 50
# phase1_paths_extracted = 5
# phase1_aligned_runs_range = (4, 8)
# phase1_step = 2
# phase2_noise_k_range = (2, 5)
# u v t
5 11 1
6 3 1
13 6 1
15 13 1
17 6 1
18 19 1
39 38 1
42 38 1
43 45 1
46 45 1
50 49 1
59 58 1
60 31 1
62 63 1
63 60 1
72 59 1
1 7 2
4 6 2
13 7 2
19 11 2
19 16 2
19 22 2
22 17 2
37 42 2
42 37 2
42 45 2
47 74 2
50 73 2
58 57 2
60 31 2
67 60 2
13 15 3
17 14 3
19 22 3
31 23 3
46 45 3
47 46 3
50 49 3
57 56 3
60 31 3
60 34 3
60 61 3
60 67 3
66 65 3
69 67 3
5 10 4
8 4 4
9 7 4
11 5 4
19 16 4
31 23 4
41 49 4
42 45 4
52 51 4
58 57 4
60 31 4
60 34 4
64 65 4
72 60 4
5 11 5
7 1 5
11 5 5
11 10 5
13 6 5
23 22 5
31 23 5
34 35 5
37 42 5
42 38 5
42 43 5
51 50 5
57 55 5
60 32 5
60 34 5
69 70 5
1 7 6
17 22 6
19 18 6
23 22 6
31 23 6
34 35 6
37 38 6
58 57 6
60 32 6
60 34 6
60 69 6
73 50 6
3 2 7
6 3 7
7 13 7
11 19 7
13 14 7
22 14 7
23 22 7
32 33 7
34 35 7
35 27 7
49 73 7
51 50 7
51 52 7
60 32 7
60 65 7
62 63 7
70 69 7
9 1 8
9 7 8
11 10 8
12 9 8
16 19 8
19 22 8
23 22 8
32 33 8
34 35 8
35 27 8
38 42 8
42 37 8
49 73 8
50 51 8
60 30 8
60 32 8
73 49 8
3 7 9
4 8 9
16 17 9
17 14 9
27 28 9
32 33 9
33 24 9
35 27 9
42 38 9
45 43 9
45 46 9
60 30 9
60 32 9
60 65 9
60 67 9
68 67 9
11 19 10
27 28 10
30 20 10
32 33 10
33 24 10
35 27 10
38 39 10
41 49 10
43 42 10
49 50 10
51 52 10
52 53 10
57 58 10
60 30 10
65 60 10
65 66 10
72 60 10
74 47 10
4 8 11
13 9 11
14 17 11
24 25 11
27 28 11
28 22 11
30 20 11
32 33 11
33 24 11
37 38 11
38 42 11
60 30 11
60 59 11
67 68 11
20 21 12
24 25 12
27 28 12
28 22 12
30 20 12
33 24 12
38 37 12
59 72 12
60 30 12
61 60 12
65 60 12
73 50 12
1 9 13
5 10 13
8 4 13
8 11 13
13 14 13
14 22 13
15 13 13
17 6 13
18 19 13
20 21 13
24 25 13
25 22 13
28 22 13
29 41 13
30 20 13
33 24 13
50 73 13
59 72 13
60 30 13
64 65 13
65 60 13
67 60 13
6 3 14
9 12 14
14 22 14
19 22 14
20 21 14
21 22 14
24 25 14
25 22 14
28 22 14
30 20 14
47 74 14
55 57 14
60 59 14
60 71 14
73 49 14
7 1 15
8 4 15
9 12 15
19 11 15
20 21 15
21 22 15
24 25 15
25 22 15
30 20 15
43 45 15
47 45 15
49 50 15
60 71 15
70 69 15
72 60 15
6 13 16
8 11 16
9 7 16
10 11 16
11 10 16
14 17 16
20 21 16
21 22 16
25 22 16
38 39 16
41 29 16
58 59 16
60 69 16
60 71 16
60 72 16
69 60 16
71 36 16
3 1 17
6 17 17
8 11 17
10 18 17
11 8 17
15 13 17
20 21 17
21 22 17
25 22 17
29 22 17
49 50 17
52 51 17
59 57 17
60 71 17
65 63 17
71 36 17
72 60 17
6 4 18
13 14 18
15 13 18
16 8 18
17 6 18
21 22 18
36 44 18
41 49 18
42 37 18
42 45 18
47 45 18
49 29 18
49 41 18
53 52 18
55 57 18
57 55 18
57 59 18
60 61 18
60 71 18
71 36 18
6 4 19
8 16 19
10 18 19
12 9 19
21 22 19
22 16 19
36 44 19
43 45 19
46 47 19
52 53 19
57 59 19
59 60 19
60 71 19
61 60 19
69 60 19
71 36 19
8 6 20
11 8 20
14 22 20
29 22 20
29 49 20
36 44 20
38 39 20
44 54 20
45 42 20
46 47 20
47 46 20
50 49 20
59 60 20
60 67 20
60 71 20
71 36 20
4 6 21
11 10 21
36 44 21
44 54 21
47 45 21
49 41 21
50 51 21
60 71 21
63 62 21
71 36 21
7 9 22
36 44 22
38 37 22
44 54 22
45 43 22
54 48 22
60 63 22
63 65 22
71 36 22
2 3 23
5 10 23
6 8 23
16 8 23
19 11 23
19 22 23
36 44 23
44 54 23
45 43 23
47 74 23
54 48 23
69 67 23
69 70 23
71 36 23
2 3 24
3 1 24
3 7 24
4 8 24
8 6 24
17 16 24
18 10 24
36 44 24
44 54 24
45 42 24
48 40 24
54 48 24
63 65 24
66 65 24
3 7 25
6 13 25
8 11 25
36 44 25
41 29 25
41 49 25
44 54 25
45 42 25
48 40 25
51 50 25
53 52 25
54 48 25
57 56 25
57 58 25
8 4 26
9 13 26
10 11 26
11 8 26
12 9 26
14 22 26
16 22 26
19 16 26
40 22 26
44 54 26
48 40 26
54 48 26
60 59 26
67 69 26
4 6 27
10 18 27
13 7 27
14 17 27
22 14 27
37 38 27
39 38 27
40 22 27
44 54 27
48 40 27
54 48 27
59 58 27
59 60 27
69 60 27
5 11 28
7 1 28
13 15 28
40 22 28
42 45 28
48 40 28
54 48 28
58 57 28
59 57 28
66 65 28
73 50 28
74 47 28
6 8 29
40 22 29
47 74 29
48 40 29
49 41 29
54 48 29
57 58 29
3 2 30
9 13 30
13 7 30
14 13 30
17 22 30
40 22 30
45 43 30
45 46 30
48 40 30
49 73 30
50 49 30
51 50 30
57 55 30
1 3 31
5 10 31
6 4 31
7 3 31
10 5 31
11 19 31
12 9 31
17 6 31
17 22 31
38 37 31
40 22 31
48 40 31
52 53 31
69 70 31
73 49 31
4 8 32
40 22 32
43 45 32
45 47 32
51 52 32
60 69 32
6 13 33
16 17 33
17 14 33
19 11 33
39 38 33
40 22 33
42 38 33
42 45 33
43 42 33
46 45 33
49 29 33
63 62 33
73 49 33
8 11 34
9 13 34
13 6 34
14 17 34
70 69 34
3 1 35
18 19 35
43 45 35
46 47 35
50 73 35
57 55 35
58 59 35
60 69 35
60 72 35
68 67 35
69 67 35
72 59 35
3 2 36
5 11 36
7 3 36
10 5 36
11 8 36
16 19 36
19 18 36
22 14 36
22 16 36
22 19 36
29 49 36
42 43 36
45 42 36
47 46 36
56 57 36
57 58 36
59 72 36
60 67 36
68 67 36
1 3 37
3 6 37
6 4 37
11 5 37
29 41 37
37 42 37
38 42 37
47 74 37
65 64 37
13 14 38
13 15 38
16 17 38
22 14 38
37 38 38
50 49 38
55 57 38
58 59 38
59 60 38
64 65 38
8 4 39
14 13 39
16 22 39
19 11 39
22 16 39
41 29 39
53 52 39
59 58 39
60 65 39
64 65 39
65 66 39
5 11 40
7 3 40
42 37 40
49 73 40
60 72 40
62 63 40
65 64 40
74 47 40
1 9 41
8 6 41
9 7 41
13 14 41
17 14 41
17 22 41
22 17 41
45 43 41
47 46 41
52 51 41
7 1 42
8 16 42
18 19 42
19 18 42
22 16 42
53 52 42
67 69 42
9 1 43
10 5 43
11 10 43
11 19 43
13 9 43
29 49 43
47 46 43
52 51 43
1 7 44
1 9 44
5 10 44
16 19 44
17 16 44
19 16 44
45 47 44
59 60 44
60 67 44
67 60 44
67 69 44
72 59 44
4 6 45
6 4 45
38 39 45
49 50 45
55 57 45
56 57 45
3 6 46
7 13 46
10 18 46
11 19 46
13 6 46
19 16 46
22 29 46
51 50 46
58 59 46
59 57 46
60 65 46
60 69 46
65 64 46
67 68 46
69 67 46
1 9 47
11 8 47
15 13 47
16 22 47
57 56 47
57 58 47
58 57 47
60 63 47
69 70 47
6 17 48
9 12 48
9 13 48
22 16 48
37 42 48
45 42 48
60 63 48
3 1 49
7 13 49
11 5 49
13 6 49
18 10 49
22 14 49
41 49 49
60 59 49
65 63 49
67 60 49
67 69 49
69 70 49
1 7 50
6 3 50
7 9 50
9 7 50
13 7 50
22 19 50
22 29 50
37 42 50
43 42 50
59 72 50
63 60 50
64 65 50
65 64 50
73 50 50
