# Synthetic Temporal Directed Graph
# Generated from: /Users/mehdi/Desktop/Network_Analysis/TSD/data/ChicagoSketch_edges.txt
# source = 584
# target = 578
# deadline = 45
# deadline_note = paper_deadline: L0=15, mult=3, cap_T=50, min_frac=0.5
# max_timestamp = 50
# T (horizon) = 50
# phase1_paths_extracted = 6
# phase1_aligned_runs_range = (2, 2)
# phase1_step = 2
# phase2_noise_k_range = (2, 5)
# u v t
36 582 1
63 609 1
79 625 1
93 639 1
108 654 1
116 662 1
151 697 1
160 706 1
161 707 1
170 716 1
183 729 1
194 740 1
196 742 1
200 746 1
212 758 1
220 766 1
228 774 1
233 779 1
250 796 1
253 799 1
307 853 1
312 858 1
322 868 1
346 892 1
351 897 1
368 914 1
369 915 1
381 927 1
392 393 1
405 488 1
409 410 1
411 410 1
411 412 1
417 416 1
418 921 1
419 418 1
419 743 1
428 429 1
431 432 1
443 444 1
443 898 1
448 664 1
451 654 1
451 655 1
453 454 1
453 841 1
455 835 1
456 457 1
456 836 1
458 457 1
459 460 1
462 873 1
462 927 1
467 855 1
468 830 1
474 538 1
477 476 1
479 478 1
480 479 1
485 628 1
486 480 1
487 681 1
500 566 1
500 570 1
508 450 1
513 902 1
524 647 1
532 531 1
538 409 1
538 474 1
539 704 1
542 527 1
542 902 1
543 903 1
559 562 1
566 500 1
579 33 1
581 582 1
584 605 1
601 55 1
607 61 1
609 400 1
618 434 1
621 547 1
624 626 1
639 640 1
640 639 1
649 103 1
649 651 1
651 649 1
652 653 1
654 108 1
655 653 1
659 654 1
661 660 1
663 665 1
664 669 1
665 448 1
666 667 1
669 664 1
679 681 1
680 611 1
685 411 1
691 681 1
695 149 1
695 696 1
695 697 1
702 701 1
714 168 1
717 171 1
717 716 1
719 723 1
724 725 1
728 684 1
731 729 1
734 696 1
740 742 1
741 742 1
743 751 1
751 205 1
754 421 1
755 756 1
756 210 1
762 764 1
763 758 1
774 773 1
779 427 1
782 781 1
783 789 1
784 919 1
791 797 1
792 746 1
793 785 1
800 792 1
808 800 1
814 268 1
822 821 1
827 825 1
831 457 1
834 288 1
836 846 1
838 833 1
842 841 1
845 467 1
848 844 1
850 852 1
850 854 1
854 861 1
855 466 1
857 847 1
857 856 1
861 315 1
862 465 1
872 832 1
875 874 1
882 336 1
883 464 1
884 881 1
892 897 1
903 357 1
905 359 1
906 905 1
908 911 1
909 363 1
915 914 1
925 390 1
3 549 2
52 598 2
80 626 2
109 655 2
111 657 2
112 658 2
119 665 2
122 668 2
129 675 2
155 701 2
158 704 2
172 718 2
181 727 2
206 752 2
277 823 2
305 851 2
309 855 2
323 869 2
347 893 2
384 930 2
388 391 2
391 392 2
393 716 2
397 398 2
398 403 2
404 680 2
411 695 2
413 730 2
422 423 2
434 433 2
450 451 2
453 450 2
454 840 2
468 458 2
474 473 2
474 706 2
475 706 2
483 539 2
515 534 2
515 932 2
521 519 2
523 545 2
525 652 2
547 621 2
558 561 2
584 605 2
591 45 2
606 60 2
618 548 2
620 74 2
624 78 2
624 555 2
649 651 2
654 452 2
656 579 2
656 660 2
658 112 2
663 117 2
663 841 2
666 668 2
670 521 2
675 404 2
681 135 2
688 690 2
691 681 2
698 736 2
700 695 2
702 156 2
706 704 2
711 165 2
715 719 2
717 392 2
718 172 2
726 720 2
726 727 2
731 185 2
733 737 2
742 738 2
742 740 2
743 744 2
743 745 2
749 203 2
750 746 2
752 743 2
753 421 2
753 756 2
756 753 2
758 759 2
758 763 2
761 757 2
761 770 2
766 422 2
773 764 2
788 242 2
790 244 2
790 791 2
792 746 2
800 796 2
802 256 2
802 801 2
806 807 2
810 264 2
814 809 2
818 869 2
819 469 2
822 821 2
823 277 2
823 833 2
842 651 2
845 846 2
847 840 2
847 857 2
849 664 2
851 305 2
860 853 2
861 854 2
862 863 2
867 868 2
872 832 2
874 875 2
875 878 2
876 330 2
876 462 2
876 879 2
877 876 2
877 880 2
880 334 2
880 883 2
887 859 2
892 346 2
892 885 2
892 897 2
893 894 2
896 350 2
898 893 2
910 894 2
914 368 2
918 782 2
919 373 2
920 919 2
921 418 2
929 442 2
930 518 2
86 632 3
94 640 3
112 658 3
140 686 3
146 692 3
170 716 3
174 720 3
183 729 3
187 733 3
209 755 3
214 760 3
217 763 3
223 769 3
227 773 3
242 788 3
256 802 3
273 819 3
282 828 3
287 833 3
316 862 3
322 868 3
324 870 3
337 883 3
338 884 3
340 886 3
352 898 3
366 912 3
369 915 3
378 924 3
380 926 3
385 931 3
388 802 3
393 392 3
406 405 3
410 411 3
411 412 3
418 921 3
418 922 3
432 433 3
433 616 3
444 443 3
448 447 3
448 449 3
452 525 3
457 456 3
459 845 3
461 460 3
463 464 3
464 884 3
479 478 3
483 539 3
491 558 3
492 491 3
519 670 3
534 933 3
549 3 3
558 491 3
561 558 3
578 32 3
579 647 3
581 35 3
583 37 3
584 710 3
584 712 3
603 672 3
605 604 3
621 75 3
621 618 3
625 555 3
628 485 3
648 650 3
654 108 3
654 659 3
657 525 3
658 510 3
660 902 3
661 658 3
662 449 3
667 509 3
667 669 3
669 123 3
681 679 3
684 674 3
697 809 3
702 814 3
714 720 3
718 172 3
721 725 3
727 729 3
729 731 3
734 413 3
744 745 3
748 742 3
748 747 3
755 209 3
762 422 3
762 764 3
764 762 3
764 773 3
769 223 3
777 767 3
779 778 3
782 236 3
784 738 3
786 240 3
786 794 3
788 790 3
791 789 3
792 788 3
797 251 3
797 795 3
797 796 3
798 799 3
799 797 3
803 257 3
803 795 3
803 802 3
803 805 3
808 262 3
813 267 3
818 817 3
819 829 3
822 470 3
822 821 3
837 839 3
838 828 3
838 833 3
841 843 3
843 841 3
844 298 3
844 843 3
847 839 3
849 303 3
849 664 3
850 852 3
850 854 3
853 851 3
856 857 3
859 446 3
874 875 3
877 331 3
877 878 3
881 878 3
884 464 3
885 445 3
885 892 3
887 888 3
890 896 3
891 899 3
892 886 3
893 887 3
896 891 3
899 891 3
905 359 3
905 670 3
905 854 3
906 931 3
914 915 3
917 371 3
917 781 3
918 919 3
919 918 3
920 919 3
923 418 3
928 382 3
33 579 4
57 603 4
61 607 4
78 624 4
109 655 4
122 668 4
133 679 4
158 704 4
178 724 4
197 743 4
213 759 4
224 770 4
242 788 4
243 789 4
281 827 4
284 830 4
301 847 4
305 851 4
372 918 4
388 802 4
393 394 4
411 410 4
420 419 4
421 754 4
443 897 4
447 849 4
450 449 4
458 467 4
466 855 4
469 819 4
475 706 4
485 489 4
489 485 4
515 516 4
517 909 4
519 521 4
521 519 4
524 578 4
530 529 4
535 487 4
540 583 4
541 526 4
545 523 4
560 561 4
566 559 4
579 582 4
581 35 4
584 588 4
584 712 4
597 51 4
597 599 4
601 394 4
605 604 4
610 611 4
611 403 4
620 621 4
621 75 4
636 632 4
652 106 4
658 661 4
662 654 4
662 664 4
666 667 4
672 603 4
681 487 4
682 487 4
686 140 4
696 734 4
722 723 4
726 416 4
731 414 4
734 188 4
738 920 4
739 419 4
740 920 4
741 739 4
742 748 4
745 744 4
750 759 4
751 755 4
752 743 4
752 747 4
754 421 4
757 800 4
761 215 4
763 762 4
764 218 4
779 777 4
782 781 4
795 787 4
796 250 4
801 255 4
802 801 4
804 805 4
808 800 4
813 701 4
821 823 4
824 278 4
828 838 4
832 459 4
835 455 4
835 840 4
836 456 4
837 291 4
838 828 4
845 846 4
846 835 4
847 846 4
851 669 4
856 857 4
858 857 4
860 853 4
861 910 4
867 321 4
868 322 4
868 871 4
871 868 4
871 872 4
871 874 4
872 326 4
876 877 4
878 332 4
883 337 4
889 862 4
891 890 4
892 346 4
892 885 4
901 893 4
902 356 4
902 542 4
905 513 4
906 931 4
912 366 4
914 368 4
919 373 4
919 920 4
930 384 4
14 560 5
63 609 5
74 620 5
78 624 5
79 625 5
129 675 5
156 702 5
160 706 5
176 722 5
190 736 5
211 757 5
256 802 5
300 846 5
304 850 5
308 854 5
311 857 5
378 924 5
382 928 5
400 398 5
403 611 5
414 731 5
417 732 5
419 418 5
424 773 5
424 777 5
427 779 5
444 445 5
447 446 5
450 508 5
454 453 5
454 838 5
454 840 5
455 454 5
455 833 5
458 468 5
462 876 5
468 830 5
483 481 5
486 691 5
487 488 5
509 508 5
512 513 5
515 516 5
516 906 5
523 522 5
524 545 5
528 529 5
535 487 5
544 515 5
547 549 5
549 547 5
555 624 5
566 559 5
579 578 5
584 394 5
584 588 5
597 778 5
601 716 5
604 399 5
609 400 5
609 611 5
616 598 5
616 620 5
618 621 5
625 79 5
636 90 5
639 93 5
640 94 5
640 639 5
647 579 5
650 648 5
651 105 5
655 451 5
657 111 5
664 448 5
669 667 5
669 668 5
679 133 5
680 404 5
697 809 5
698 152 5
698 810 5
704 538 5
712 713 5
714 720 5
716 601 5
718 719 5
722 672 5
722 718 5
729 728 5
731 730 5
732 186 5
741 195 5
742 738 5
744 922 5
746 757 5
749 750 5
757 211 5
758 763 5
759 213 5
759 757 5
761 770 5
764 762 5
766 767 5
769 223 5
777 778 5
778 779 5
783 237 5
784 238 5
787 789 5
790 244 5
790 788 5
791 797 5
796 798 5
797 796 5
805 799 5
810 264 5
814 702 5
823 821 5
826 821 5
828 282 5
831 285 5
831 836 5
833 834 5
838 828 5
841 663 5
848 844 5
850 854 5
851 853 5
856 846 5
857 856 5
863 885 5
867 321 5
872 460 5
872 869 5
874 461 5
878 875 5
879 882 5
887 859 5
889 895 5
892 886 5
894 348 5
898 352 5
903 544 5
906 909 5
907 854 5
908 911 5
909 906 5
916 370 5
918 372 5
921 418 5
924 919 5
925 390 5
926 380 5
926 417 5
928 382 5
929 383 5
932 386 5
932 515 5
933 534 5
3 549 6
101 647 6
110 656 6
122 668 6
130 676 6
142 688 6
185 731 6
220 766 6
237 783 6
242 788 6
252 798 6
253 799 6
347 893 6
350 896 6
355 901 6
359 905 6
366 912 6
390 389 6
394 584 6
412 411 6
419 743 6
421 754 6
433 434 6
444 443 6
452 652 6
456 834 6
457 458 6
464 463 6
464 465 6
468 469 6
470 817 6
477 476 6
478 479 6
479 478 6
481 482 6
488 682 6
500 566 6
500 570 6
501 500 6
501 502 6
509 510 6
509 667 6
515 544 6
516 517 6
517 516 6
521 670 6
522 511 6
527 526 6
544 904 6
561 560 6
562 567 6
588 587 6
591 45 6
596 50 6
603 601 6
604 399 6
624 555 6
636 632 6
659 509 6
661 902 6
664 118 6
665 119 6
676 607 6
685 686 6
690 688 6
692 146 6
695 697 6
702 701 6
711 165 6
712 713 6
715 391 6
718 603 6
721 715 6
721 725 6
723 719 6
726 180 6
728 684 6
728 724 6
730 686 6
732 416 6
738 740 6
739 193 6
745 755 6
747 741 6
747 749 6
751 420 6
757 761 6
760 758 6
773 227 6
778 777 6
784 238 6
785 239 6
785 786 6
786 785 6
787 241 6
791 245 6
795 797 6
801 389 6
809 263 6
819 829 6
821 826 6
824 822 6
825 827 6
826 821 6
828 838 6
830 820 6
833 838 6
834 833 6
835 836 6
836 835 6
837 291 6
841 295 6
853 849 6
854 670 6
861 888 6
863 317 6
868 867 6
870 867 6
872 869 6
873 327 6
875 460 6
875 845 6
881 884 6
885 339 6
886 340 6
898 443 6
899 353 6
900 901 6
901 893 6
903 543 6
907 910 6
916 915 6
920 919 6
9 555 7
16 562 7
36 582 7
75 621 7
84 630 7
117 663 7
135 681 7
139 685 7
176 722 7
177 723 7
212 758 7
216 762 7
237 783 7
264 810 7
274 820 7
343 889 7
352 898 7
365 911 7
386 932 7
389 914 7
394 393 7
394 601 7
399 537 7
404 675 7
406 407 7
414 413 7
416 415 7
417 732 7
418 922 7
421 753 7
445 446 7
450 449 7
450 453 7
452 654 7
464 883 7
469 468 7
473 474 7
481 480 7
487 682 7
492 561 7
501 500 7
502 501 7
509 510 7
511 510 7
529 531 7
531 529 7
534 543 7
534 933 7
539 704 7
543 527 7
543 534 7
579 656 7
582 581 7
588 587 7
598 599 7
618 621 7
647 579 7
652 106 7
656 579 7
660 582 7
661 512 7
663 665 7
667 509 7
668 850 7
692 682 7
695 411 7
698 810 7
704 538 7
710 584 7
711 807 7
713 709 7
717 392 7
721 725 7
724 674 7
735 737 7
739 193 7
743 922 7
745 755 7
747 201 7
749 203 7
752 206 7
752 747 7
753 207 7
755 751 7
760 769 7
766 767 7
769 770 7
770 761 7
778 777 7
779 233 7
781 782 7
794 248 7
795 803 7
801 793 7
805 807 7
807 711 7
813 472 7
821 822 7
823 277 7
825 649 7
825 826 7
827 651 7
827 828 7
830 832 7
838 292 7
839 840 7
843 848 7
845 875 7
847 840 7
847 846 7
847 848 7
854 861 7
855 856 7
858 312 7
860 888 7
870 324 7
871 868 7
871 870 7
871 872 7
872 460 7
874 873 7
874 875 7
875 874 7
880 881 7
881 335 7
881 880 7
888 342 7
888 894 7
890 891 7
900 354 7
906 909 7
908 906 7
908 912 7
914 785 7
917 781 7
917 916 7
925 390 7
928 463 7
930 518 7
933 534 7
21 567 8
33 579 8
74 620 8
104 650 8
106 652 8
112 658 8
135 681 8
152 698 8
155 701 8
182 728 8
184 730 8
224 770 8
233 779 8
234 780 8
238 784 8
241 787 8
246 792 8
262 808 8
268 814 8
292 838 8
293 839 8
303 849 8
316 862 8
354 900 8
376 922 8
384 930 8
391 715 8
399 537 8
416 732 8
419 420 8
424 423 8
443 898 8
444 443 8
449 662 8
452 525 8
454 455 8
456 836 8
460 461 8
461 460 8
462 927 8
467 855 8
469 468 8
474 701 8
475 707 8
487 488 8
488 405 8
510 511 8
513 902 8
514 903 8
515 514 8
518 911 8
524 525 8
526 528 8
529 531 8
532 531 8
534 933 8
541 902 8
549 547 8
555 9 8
559 562 8
561 558 8
578 579 8
584 808 8
587 592 8
597 599 8
599 616 8
601 716 8
607 606 8
610 64 8
620 598 8
620 616 8
650 648 8
653 648 8
654 108 8
654 452 8
655 663 8
656 660 8
660 582 8
661 658 8
662 449 8
662 664 8
664 448 8
665 448 8
667 121 8
668 122 8
670 905 8
672 126 8
674 724 8
683 684 8
685 411 8
704 539 8
713 709 8
716 393 8
718 603 8
720 714 8
725 729 8
727 181 8
743 419 8
744 743 8
744 922 8
750 204 8
752 754 8
760 761 8
765 764 8
777 231 8
780 781 8
783 918 8
785 793 8
787 241 8
788 790 8
789 788 8
789 791 8
790 792 8
792 788 8
797 791 8
798 799 8
801 793 8
806 808 8
808 584 8
809 814 8
813 701 8
814 813 8
819 817 8
829 468 8
831 285 8
835 289 8
835 455 8
835 840 8
841 843 8
842 841 8
843 665 8
846 856 8
851 850 8
852 854 8
855 878 8
858 446 8
858 848 8
860 861 8
871 872 8
876 330 8
876 877 8
881 878 8
884 338 8
887 893 8
889 862 8
896 899 8
899 897 8
908 362 8
911 518 8
916 917 8
919 783 8
922 376 8
926 417 8
931 385 8
13 559 9
51 597 9
94 640 9
103 649 9
139 685 9
140 686 9
160 706 9
165 711 9
168 714 9
215 761 9
232 778 9
238 784 9
308 854 9
314 860 9
330 876 9
337 883 9
351 897 9
363 909 9
381 927 9
390 388 9
394 601 9
421 420 9
431 428 9
442 898 9
453 841 9
460 461 9
461 462 9
461 874 9
463 928 9
468 469 9
469 824 9
470 469 9
472 813 9
473 472 9
473 707 9
474 701 9
478 477 9
479 478 9
487 535 9
508 509 9
510 658 9
517 908 9
517 909 9
534 933 9
537 536 9
538 704 9
543 527 9
547 548 9
547 549 9
548 2 9
555 624 9
559 562 9
560 561 9
583 540 9
587 592 9
601 55 9
606 675 9
611 403 9
616 433 9
626 624 9
636 501 9
650 104 9
654 451 9
659 657 9
663 655 9
667 666 9
672 722 9
685 690 9
696 150 9
696 698 9
697 151 9
698 152 9
698 810 9
702 701 9
707 161 9
709 708 9
720 726 9
723 725 9
730 184 9
734 696 9
736 190 9
743 197 9
744 745 9
748 747 9
749 754 9
750 749 9
758 759 9
761 215 9
762 764 9
765 760 9
766 422 9
781 786 9
783 918 9
785 793 9
788 789 9
795 797 9
802 801 9
803 805 9
807 806 9
809 263 9
814 813 9
819 273 9
820 830 9
830 468 9
830 820 9
840 839 9
842 296 9
842 844 9
846 845 9
854 852 9
855 856 9
856 310 9
856 855 9
860 861 9
862 316 9
863 317 9
863 885 9
869 818 9
872 871 9
875 874 9
880 334 9
882 883 9
885 863 9
889 895 9
891 897 9
899 353 9
899 897 9
903 516 9
905 513 9
906 360 9
914 785 9
916 915 9
921 739 9
924 919 9
927 462 9
75 621 10
133 679 10
136 682 10
150 696 10
154 700 10
175 721 10
177 723 10
179 725 10
188 734 10
197 743 10
203 749 10
204 750 10
246 792 10
251 797 10
257 803 10
279 825 10
297 843 10
324 870 10
334 880 10
336 882 10
337 883 10
349 895 10
362 908 10
370 916 10
373 919 10
377 923 10
383 929 10
385 931 10
389 390 10
406 682 10
410 700 10
411 685 10
419 420 10
419 739 10
424 777 10
429 428 10
433 432 10
443 442 10
447 448 10
449 663 10
462 461 10
478 479 10
487 682 10
511 521 10
513 514 10
515 932 10
517 908 10
521 670 10
526 527 10
526 528 10
527 542 10
537 536 10
562 492 10
567 566 10
578 32 10
578 579 10
581 35 10
584 586 10
584 808 10
592 608 10
609 611 10
610 64 10
616 70 10
625 555 10
626 485 10
648 102 10
650 655 10
654 108 10
654 659 10
656 657 10
658 661 10
659 657 10
661 658 10
665 119 10
670 519 10
675 606 10
676 675 10
682 136 10
684 683 10
684 728 10
695 696 10
700 695 10
701 699 10
707 475 10
709 708 10
718 722 10
720 721 10
721 727 10
723 719 10
724 178 10
726 720 10
728 730 10
732 733 10
734 188 10
739 740 10
741 742 10
746 757 10
746 792 10
748 202 10
750 746 10
751 420 10
754 421 10
756 753 10
758 760 10
758 763 10
764 423 10
764 762 10
781 782 10
783 918 10
787 795 10
790 791 10
793 914 10
794 793 10
794 795 10
800 808 10
807 803 10
809 263 10
822 276 10
822 824 10
823 821 10
823 824 10
828 823 10
832 286 10
834 288 10
835 836 10
836 456 10
837 291 10
841 663 10
843 841 10
845 459 10
847 848 10
849 851 10
853 860 10
855 466 10
861 888 10
862 863 10
885 445 10
885 857 10
885 892 10
888 894 10
889 343 10
891 890 10
897 892 10
898 893 10
903 516 10
906 908 10
909 906 10
910 364 10
914 368 10
921 743 10
921 920 10
929 442 10
51 597 11
82 628 11
113 659 11
130 676 11
145 691 11
152 698 11
208 754 11
220 766 11
249 795 11
294 840 11
306 852 11
315 861 11
324 870 11
340 886 11
342 888 11
371 917 11
373 919 11
378 924 11
379 925 11
391 392 11
396 397 11
404 680 11
409 410 11
412 413 11
415 727 11
416 415 11
424 423 11
424 773 11
433 434 11
445 886 11
449 448 11
449 662 11
449 663 11
451 452 11
467 458 11
470 822 11
474 701 11
479 480 11
481 691 11
486 535 11
492 562 11
508 509 11
509 659 11
511 522 11
513 514 11
525 652 11
536 438 11
538 699 11
545 524 11
549 547 11
558 12 11
567 562 11
578 32 11
584 395 11
584 586 11
592 608 11
598 620 11
603 718 11
606 403 11
610 679 11
611 609 11
624 78 11
626 485 11
655 650 11
664 662 11
670 905 11
675 676 11
684 683 11
685 683 11
685 686 11
686 685 11
697 151 11
698 697 11
700 695 11
707 476 11
708 913 11
715 721 11
717 719 11
720 714 11
725 179 11
725 723 11
726 180 11
726 727 11
728 729 11
729 183 11
729 725 11
736 190 11
737 733 11
743 744 11
746 792 11
753 756 11
755 756 11
756 210 11
759 758 11
763 765 11
765 219 11
767 221 11
767 777 11
769 770 11
773 424 11
780 785 11
784 783 11
785 780 11
785 786 11
787 782 11
788 792 11
790 796 11
794 802 11
798 252 11
800 757 11
802 803 11
803 807 11
808 804 11
819 469 11
825 827 11
828 826 11
837 839 11
845 467 11
850 854 11
851 305 11
852 860 11
853 307 11
853 849 11
857 856 11
859 446 11
861 910 11
863 317 11
863 890 11
867 321 11
868 871 11
875 460 11
877 461 11
878 877 11
880 883 11
885 863 11
896 350 11
897 443 11
898 442 11
899 897 11
903 516 11
905 854 11
908 906 11
909 906 11
910 861 11
921 739 11
924 378 11
927 462 11
153 699 12
185 731 12
192 738 12
198 744 12
204 750 12
235 781 12
236 782 12
237 783 12
262 808 12
267 813 12
272 818 12
287 833 12
307 853 12
338 884 12
349 895 12
353 899 12
356 902 12
372 918 12
375 921 12
398 397 12
404 680 12
405 404 12
410 690 12
411 412 12
413 412 12
417 732 12
420 419 12
420 421 12
421 422 12
429 428 12
442 898 12
442 929 12
444 443 12
447 848 12
451 452 12
453 454 12
461 877 12
463 464 12
472 813 12
475 706 12
480 483 12
483 539 12
492 561 12
500 501 12
502 632 12
509 508 12
509 659 12
509 667 12
511 512 12
515 544 12
518 517 12
519 521 12
523 530 12
525 452 12
531 532 12
536 438 12
539 483 12
566 567 12
584 395 12
584 710 12
586 585 12
608 613 12
620 616 12
626 630 12
630 626 12
647 101 12
655 650 12
655 663 12
663 655 12
664 662 12
670 854 12
675 676 12
682 488 12
683 688 12
684 728 12
688 690 12
690 685 12
692 682 12
700 699 12
701 474 12
708 913 12
715 714 12
720 721 12
722 718 12
724 178 12
724 722 12
729 183 12
735 189 12
736 698 12
738 784 12
739 741 12
743 751 12
746 750 12
750 759 12
751 743 12
760 214 12
761 759 12
763 217 12
766 220 12
773 764 12
777 779 12
783 782 12
783 919 12
785 786 12
787 791 12
789 243 12
789 783 12
790 796 12
793 914 12
798 796 12
798 804 12
801 255 12
804 798 12
805 807 12
806 808 12
813 267 12
826 280 12
829 834 12
835 455 12
842 844 12
846 856 12
847 839 12
849 859 12
852 850 12
855 467 12
856 863 12
860 888 12
861 854 12
871 868 12
882 879 12
891 897 12
896 890 12
897 351 12
898 442 12
898 443 12
900 901 12
903 542 12
910 911 12
911 518 12
921 375 12
928 463 12
1 547 13
55 601 13
57 603 13
61 607 13
84 630 13
93 639 13
108 654 13
115 661 13
116 662 13
124 670 13
181 727 13
192 738 13
204 750 13
206 752 13
213 759 13
219 765 13
239 785 13
250 796 13
259 805 13
285 831 13
292 838 13
321 867 13
327 873 13
347 893 13
358 904 13
379 925 13
380 926 13
384 930 13
387 933 13
389 390 13
391 392 13
395 600 13
398 400 13
398 403 13
403 606 13
405 406 13
406 405 13
409 410 13
409 538 13
411 410 13
414 731 13
422 421 13
427 428 13
429 778 13
438 437 13
444 445 13
446 859 13
447 446 13
451 655 13
454 838 13
459 460 13
459 845 13
473 472 13
479 480 13
514 905 13
525 452 13
525 524 13
531 532 13
535 487 13
566 500 13
578 524 13
582 579 13
586 585 13
596 50 13
603 718 13
608 613 13
621 547 13
626 630 13
628 485 13
632 636 13
648 650 13
652 525 13
653 107 13
655 451 13
656 110 13
657 656 13
658 656 13
660 656 13
664 448 13
666 120 13
666 667 13
670 512 13
670 902 13
675 404 13
676 607 13
681 679 13
682 136 13
690 410 13
691 145 13
692 146 13
692 682 13
697 695 13
698 810 13
710 806 13
711 165 13
714 168 13
715 169 13
718 716 13
722 724 13
726 180 13
726 727 13
736 737 13
739 741 13
740 742 13
743 197 13
743 745 13
746 738 13
747 201 13
749 758 13
755 745 13
769 770 13
773 774 13
778 429 13
781 235 13
782 917 13
785 239 13
785 780 13
785 914 13
789 787 13
789 791 13
791 790 13
792 788 13
792 790 13
794 793 13
797 795 13
802 256 13
804 806 13
805 803 13
807 803 13
808 584 13
808 806 13
809 263 13
810 698 13
818 272 13
828 823 13
828 838 13
835 846 13
837 838 13
838 454 13
843 841 13
844 842 13
847 301 13
847 839 13
848 447 13
849 303 13
850 668 13
857 311 13
861 315 13
861 860 13
872 830 13
872 871 13
874 461 13
875 460 13
880 877 13
881 465 13
885 857 13
889 895 13
893 887 13
901 355 13
902 541 13
902 661 13
903 543 13
913 864 13
914 780 13
918 919 13
919 784 13
919 920 13
930 384 13
24 570 14
36 582 14
112 658 14
115 661 14
145 691 14
172 718 14
184 730 14
186 732 14
217 763 14
224 770 14
234 780 14
242 788 14
247 793 14
258 804 14
261 807 14
280 826 14
283 829 14
290 836 14
304 850 14
331 877 14
346 892 14
384 930 14
395 600 14
403 606 14
406 682 14
410 409 14
410 690 14
415 414 14
418 921 14
419 743 14
424 773 14
428 427 14
433 432 14
438 437 14
454 455 14
458 457 14
461 877 14
466 862 14
480 486 14
481 482 14
481 483 14
485 628 14
500 501 14
514 515 14
517 908 14
519 520 14
519 668 14
522 523 14
524 545 14
526 541 14
530 529 14
535 486 14
545 523 14
547 1 14
547 549 14
579 578 14
582 541 14
584 38 14
584 808 14
585 401 14
613 615 14
628 82 14
654 662 14
657 656 14
657 659 14
659 509 14
660 114 14
660 656 14
661 512 14
666 667 14
668 519 14
669 668 14
674 684 14
679 610 14
681 487 14
682 692 14
684 683 14
686 685 14
688 683 14
692 407 14
700 695 14
700 699 14
701 813 14
704 158 14
704 539 14
714 715 14
721 720 14
725 724 14
727 415 14
729 183 14
730 686 14
736 698 14
738 740 14
740 920 14
745 744 14
748 746 14
757 759 14
763 217 14
764 423 14
766 220 14
766 422 14
774 228 14
783 919 14
787 789 14
788 789 14
790 792 14
794 248 14
794 802 14
795 799 14
796 800 14
798 804 14
803 257 14
803 795 14
804 798 14
806 260 14
818 820 14
824 823 14
827 281 14
832 872 14
837 827 14
839 837 14
839 844 14
841 453 14
842 651 14
844 842 14
848 858 14
871 874 14
874 461 14
878 881 14
880 879 14
881 878 14
882 336 14
883 880 14
886 887 14
888 860 14
888 861 14
903 542 14
904 544 14
912 366 14
913 864 14
921 920 14
14 560 15
24 570 15
57 603 15
111 657 15
136 682 15
151 697 15
173 719 15
197 743 15
216 762 15
241 787 15
243 789 15
268 814 15
276 822 15
281 827 15
291 837 15
296 842 15
298 844 15
300 846 15
308 854 15
314 860 15
321 867 15
334 880 15
344 890 15
388 391 15
403 611 15
423 764 15
429 778 15
437 556 15
446 445 15
447 849 15
451 654 15
452 652 15
453 650 15
456 834 15
467 458 15
469 819 15
473 475 15
480 486 15
491 492 15
512 661 15
515 514 15
517 518 15
531 529 15
534 515 15
535 486 15
543 527 15
543 534 15
548 618 15
553 560 15
561 558 15
567 566 15
583 37 15
585 401 15
597 431 15
600 602 15
606 675 15
610 611 15
613 615 15
618 548 15
620 616 15
632 628 15
640 94 15
648 649 15
650 648 15
656 658 15
659 509 15
661 512 15
664 662 15
665 119 15
665 448 15
666 510 15
666 521 15
667 662 15
668 666 15
669 851 15
670 512 15
674 684 15
674 724 15
676 130 15
682 487 15
682 488 15
692 682 15
715 391 15
717 719 15
719 173 15
722 723 15
722 724 15
723 725 15
729 728 15
730 731 15
733 415 15
738 742 15
740 738 15
742 741 15
743 921 15
747 748 15
752 420 15
752 747 15
753 207 15
753 762 15
757 759 15
758 760 15
761 215 15
763 758 15
773 227 15
783 782 15
784 238 15
785 239 15
785 914 15
787 782 15
788 792 15
789 243 15
793 794 15
796 798 15
799 795 15
802 388 15
802 801 15
809 810 15
813 814 15
819 829 15
823 828 15
827 281 15
831 845 15
833 838 15
836 846 15
839 837 15
841 295 15
842 296 15
848 302 15
852 860 15
854 905 15
864 865 15
870 867 15
871 870 15
880 881 15
888 861 15
889 343 15
901 355 15
902 513 15
905 513 15
910 888 15
910 907 15
917 371 15
918 783 15
919 783 15
920 740 15
922 744 15
33 579 16
45 591 16
55 601 16
65 611 16
74 620 16
113 659 16
123 669 16
134 680 16
142 688 16
144 690 16
154 700 16
210 756 16
223 769 16
245 791 16
262 808 16
267 813 16
288 834 16
292 838 16
302 848 16
328 874 16
332 878 16
344 890 16
359 905 16
368 914 16
382 928 16
391 715 16
393 716 16
398 397 16
401 590 16
403 398 16
403 611 16
406 405 16
406 407 16
406 682 16
410 409 16
416 732 16
417 416 16
424 773 16
433 616 16
434 618 16
437 556 16
446 445 16
448 665 16
450 508 16
452 654 16
459 458 16
462 927 16
465 862 16
467 466 16
468 458 16
472 473 16
474 538 16
485 626 16
485 628 16
486 480 16
486 691 16
488 405 16
499 567 16
509 508 16
511 510 16
517 516 16
523 530 16
543 903 16
548 547 16
562 492 16
566 567 16
570 24 16
579 582 16
597 51 16
599 616 16
600 602 16
601 603 16
606 675 16
615 622 16
616 599 16
620 598 16
624 626 16
630 84 16
632 502 16
640 639 16
648 649 16
653 107 16
658 656 16
658 659 16
660 902 16
661 512 16
669 667 16
672 126 16
683 688 16
692 407 16
697 702 16
698 736 16
700 702 16
701 702 16
715 717 16
719 717 16
721 720 16
722 718 16
724 674 16
731 414 16
733 732 16
738 192 16
742 748 16
744 743 16
747 741 16
755 745 16
755 751 16
756 766 16
757 211 16
758 212 16
759 758 16
761 760 16
767 423 16
779 777 16
780 916 16
784 738 16
789 783 16
796 790 16
797 251 16
798 252 16
802 388 16
821 275 16
822 470 16
826 828 16
832 830 16
836 456 16
836 831 16
837 839 16
846 856 16
852 853 16
856 857 16
861 860 16
862 863 16
864 865 16
868 867 16
869 323 16
870 324 16
871 870 16
872 830 16
875 460 16
877 331 16
880 334 16
881 884 16
883 880 16
887 341 16
888 860 16
888 887 16
893 898 16
895 889 16
899 897 16
905 359 16
907 908 16
908 907 16
910 907 16
918 919 16
926 380 16
933 387 16
7 553 17
50 596 17
55 601 17
64 610 17
72 618 17
116 662 17
126 672 17
136 682 17
178 724 17
193 739 17
197 743 17
205 751 17
218 764 17
234 780 17
244 790 17
294 840 17
311 857 17
327 873 17
401 590 17
406 682 17
415 416 17
415 727 17
415 733 17
442 443 17
449 448 17
449 450 17
451 450 17
452 652 17
454 455 17
461 462 17
464 883 17
465 881 17
468 829 17
483 481 17
485 489 17
499 500 17
519 520 17
521 519 17
542 902 17
549 3 17
553 7 17
556 557 17
558 12 17
579 578 17
602 671 17
606 675 17
609 400 17
615 622 17
618 616 17
621 547 17
632 86 17
656 110 17
659 509 17
665 843 17
666 510 17
672 722 17
674 724 17
675 404 17
679 681 17
682 406 17
683 684 17
690 144 17
691 145 17
695 696 17
695 700 17
701 702 17
704 538 17
706 475 17
715 714 17
717 171 17
720 174 17
721 175 17
726 416 17
728 729 17
730 413 17
731 729 17
733 187 17
735 733 17
740 742 17
741 747 17
743 751 17
744 198 17
747 748 17
750 746 17
753 207 17
754 752 17
755 209 17
756 210 17
760 761 17
763 758 17
766 756 17
769 223 17
769 760 17
781 235 17
782 783 17
782 917 17
783 919 17
786 781 17
797 799 17
798 800 17
800 798 17
801 793 17
804 798 17
806 808 17
818 869 17
820 830 17
822 470 17
827 281 17
831 457 17
834 456 17
835 836 17
839 293 17
839 837 17
840 294 17
841 843 17
846 836 17
849 665 17
850 851 17
856 863 17
858 848 17
860 852 17
861 910 17
865 866 17
873 874 17
875 845 17
879 876 17
880 883 17
883 337 17
889 895 17
890 344 17
891 345 17
896 899 17
897 351 17
897 899 17
901 893 17
902 513 17
902 660 17
903 514 17
908 906 17
914 780 17
916 370 17
917 371 17
917 916 17
918 917 17
918 919 17
921 418 17
923 377 17
924 378 17
924 919 17
37 583 18
84 630 18
93 639 18
102 648 18
116 662 18
133 679 18
137 683 18
138 684 18
146 692 18
155 701 18
158 704 18
173 719 18
180 726 18
186 732 18
189 735 18
190 736 18
249 795 18
255 801 18
282 828 18
287 833 18
290 836 18
302 848 18
325 871 18
328 874 18
337 883 18
339 885 18
346 892 18
370 916 18
392 717 18
393 392 18
397 398 18
405 404 18
416 726 18
431 597 18
446 859 18
451 450 18
461 462 18
462 927 18
463 928 18
466 467 18
467 466 18
469 819 18
472 473 18
483 481 18
485 626 18
491 558 18
502 501 18
510 511 18
513 514 18
513 905 18
514 903 18
520 519 18
525 652 18
531 532 18
538 699 18
544 904 18
549 3 18
556 557 18
561 15 18
579 647 18
590 589 18
601 55 18
602 671 18
603 57 18
606 607 18
607 676 18
611 680 18
620 621 18
621 620 18
622 623 18
649 825 18
650 655 18
652 452 18
655 663 18
657 647 18
661 902 18
663 655 18
664 669 18
667 662 18
681 691 18
682 692 18
683 137 18
683 688 18
685 683 18
688 683 18
690 685 18
698 696 18
726 727 18
728 724 18
729 725 18
729 728 18
734 413 18
734 735 18
735 734 18
740 742 18
742 740 18
749 758 18
750 748 18
757 761 18
758 763 18
760 214 18
763 758 18
770 761 18
778 779 18
786 787 18
792 790 18
800 798 18
803 805 18
805 799 18
807 711 18
808 804 18
817 271 18
817 470 18
822 470 18
846 300 18
848 843 18
849 665 18
852 850 18
854 308 18
854 670 18
862 889 18
865 866 18
870 867 18
871 870 18
874 328 18
874 875 18
878 877 18
881 884 18
887 888 18
888 860 18
897 899 18
905 670 18
910 894 18
914 915 18
915 916 18
917 781 18
919 373 18
925 390 18
933 534 18
37 583 19
53 599 19
64 610 19
106 652 19
118 664 19
151 697 19
171 717 19
179 725 19
189 735 19
195 741 19
198 744 19
210 756 19
233 779 19
236 782 19
243 789 19
247 793 19
255 801 19
267 813 19
303 849 19
314 860 19
315 861 19
331 877 19
341 887 19
348 894 19
397 398 19
404 405 19
421 753 19
430 429 19
433 616 19
434 618 19
448 664 19
450 453 19
453 650 19
457 458 19
458 467 19
459 832 19
462 873 19
470 469 19
474 706 19
476 707 19
485 626 19
487 488 19
488 487 19
492 562 19
500 501 19
510 509 19
510 666 19
511 521 19
512 661 19
515 544 19
515 932 19
539 409 19
545 524 19
546 527 19
557 490 19
558 561 19
560 558 19
584 808 19
590 589 19
606 60 19
607 676 19
610 679 19
616 599 19
618 548 19
618 616 19
622 623 19
625 555 19
626 630 19
651 650 19
654 451 19
659 113 19
660 902 19
662 116 19
665 119 19
666 120 19
671 673 19
681 135 19
682 487 19
685 139 19
685 683 19
690 410 19
696 698 19
696 734 19
697 151 19
707 473 19
716 393 19
716 718 19
728 724 19
731 414 19
731 727 19
733 415 19
734 413 19
734 696 19
741 747 19
743 752 19
744 745 19
744 922 19
746 200 19
752 206 19
752 420 19
753 207 19
754 749 19
764 773 19
766 422 19
773 227 19
773 424 19
774 769 19
780 914 19
781 786 19
784 792 19
784 919 19
786 785 19
796 250 19
796 790 19
797 796 19
807 805 19
808 806 19
809 810 19
810 809 19
821 822 19
829 819 19
832 830 19
832 872 19
834 456 19
837 291 19
842 651 19
844 298 19
847 857 19
849 665 19
850 668 19
852 306 19
860 314 19
860 852 19
860 861 19
861 888 19
866 812 19
868 322 19
868 867 19
869 818 19
884 338 19
885 857 19
893 894 19
893 901 19
899 891 19
902 661 19
903 542 19
903 544 19
909 912 19
918 782 19
931 385 19
60 606 20
72 618 20
115 661 20
126 672 20
128 674 20
140 686 20
154 700 20
164 710 20
171 717 20
174 720 20
183 729 20
195 741 20
221 767 20
261 807 20
282 828 20
285 831 20
329 875 20
333 879 20
337 883 20
341 887 20
342 888 20
357 903 20
358 904 20
366 912 20
382 928 20
388 390 20
404 405 20
404 680 20
405 488 20
409 539 20
414 413 20
415 414 20
417 416 20
418 923 20
423 764 20
443 442 20
444 445 20
446 447 20
446 858 20
452 451 20
453 650 20
453 841 20
474 473 20
476 477 20
476 707 20
478 477 20
480 483 20
500 570 20
501 502 20
508 450 20
516 517 20
522 511 20
523 530 20
525 452 20
528 526 20
531 529 20
546 527 20
547 621 20
555 625 20
557 490 20
562 16 20
578 579 20
579 656 20
589 594 20
599 616 20
607 676 20
610 64 20
611 403 20
623 627 20
624 626 20
625 555 20
628 632 20
647 657 20
648 653 20
649 825 20
653 655 20
660 582 20
661 115 20
662 654 20
666 510 20
671 673 20
675 606 20
679 610 20
680 404 20
682 692 20
683 137 20
695 149 20
698 736 20
699 538 20
702 700 20
706 474 20
716 393 20
717 716 20
727 726 20
728 724 20
728 730 20
729 725 20
729 727 20
729 731 20
733 415 20
741 743 20
742 740 20
746 750 20
746 792 20
747 201 20
750 746 20
753 751 20
757 759 20
759 750 20
764 762 20
766 756 20
770 224 20
774 765 20
774 773 20
781 782 20
783 784 20
791 797 20
792 790 20
794 802 20
795 787 20
798 796 20
810 264 20
810 809 20
813 814 20
817 818 20
818 272 20
824 822 20
825 826 20
825 827 20
826 825 20
831 845 20
842 837 20
848 858 20
853 860 20
855 878 20
859 849 20
859 887 20
862 316 20
863 862 20
866 812 20
868 322 20
868 871 20
872 830 20
874 461 20
877 876 20
877 880 20
879 876 20
884 881 20
891 896 20
891 899 20
901 893 20
902 670 20
907 910 20
912 908 20
921 920 20
931 385 20
52 598 21
74 620 21
138 684 21
173 719 21
182 728 21
201 747 21
231 777 21
232 778 21
254 800 21
258 804 21
259 805 21
261 807 21
267 813 21
278 824 21
286 832 21
330 876 21
369 915 21
386 932 21
396 397 21
398 403 21
403 404 21
407 692 21
420 751 21
420 752 21
421 422 21
444 445 21
453 841 21
455 833 21
463 928 21
466 465 21
473 707 21
475 476 21
489 485 21
490 631 21
501 636 21
510 666 21
514 905 21
517 516 21
523 530 21
530 523 21
531 532 21
538 474 21
543 527 21
547 548 21
549 547 21
559 13 21
559 562 21
559 566 21
561 560 21
567 21 21
567 562 21
582 36 21
589 594 21
601 55 21
601 394 21
607 61 21
611 610 21
618 434 21
623 627 21
624 78 21
628 632 21
640 639 21
655 653 21
661 115 21
662 116 21
668 519 21
673 678 21
680 134 21
680 404 21
683 685 21
686 730 21
688 142 21
692 691 21
695 697 21
698 736 21
701 813 21
704 706 21
706 160 21
707 161 21
710 584 21
717 171 21
719 715 21
719 718 21
722 176 21
723 177 21
723 725 21
725 721 21
725 724 21
737 191 21
741 195 21
741 739 21
752 747 21
754 749 21
755 745 21
757 211 21
760 758 21
760 769 21
765 774 21
766 767 21
774 228 21
779 777 21
781 235 21
789 787 21
790 791 21
793 794 21
798 252 21
799 798 21
803 795 21
809 814 21
812 811 21
813 701 21
813 814 21
817 819 21
825 649 21
826 280 21
828 826 21
829 819 21
830 468 21
833 838 21
838 454 21
845 831 21
848 302 21
851 305 21
851 850 21
855 878 21
857 311 21
858 886 21
859 849 21
859 887 21
860 888 21
872 326 21
873 874 21
877 876 21
878 332 21
878 855 21
889 343 21
892 897 21
895 889 21
896 891 21
901 900 21
903 357 21
903 544 21
910 861 21
922 743 21
923 377 21
928 463 21
933 387 21
20 566 22
149 695 22
153 699 22
165 711 22
199 745 22
221 767 22
240 786 22
244 790 22
260 806 22
280 826 22
305 851 22
307 853 22
326 872 22
330 876 22
345 891 22
348 894 22
358 904 22
362 908 22
375 921 22
377 923 22
392 717 22
393 394 22
397 398 22
405 488 22
410 690 22
411 412 22
415 727 22
416 417 22
416 726 22
421 422 22
422 766 22
423 767 22
432 433 22
434 433 22
443 897 22
443 898 22
448 447 22
461 877 22
465 464 22
465 862 22
470 469 22
473 474 22
481 483 22
487 682 22
490 631 22
491 559 22
500 499 22
513 514 22
521 666 22
522 511 22
526 546 22
542 903 22
547 1 22
547 621 22
594 593 22
607 606 22
627 484 22
630 626 22
636 632 22
651 649 22
657 656 22
660 114 22
662 654 22
663 655 22
664 448 22
664 669 22
665 119 22
666 120 22
673 678 22
674 672 22
682 488 22
683 685 22
683 688 22
696 695 22
699 153 22
704 706 22
716 601 22
717 171 22
727 721 22
728 182 22
733 187 22
737 735 22
740 194 22
745 199 22
751 420 22
759 761 22
773 227 22
783 237 22
784 738 22
790 244 22
790 788 22
796 250 22
803 795 22
805 803 22
806 710 22
810 698 22
812 811 22
813 267 22
813 472 22
823 824 22
824 822 22
825 649 22
829 457 22
831 845 22
833 823 22
838 833 22
841 842 22
842 837 22
842 841 22
843 297 22
846 847 22
851 669 22
852 850 22
854 670 22
862 889 22
868 322 22
870 871 22
873 874 22
878 855 22
882 883 22
886 887 22
897 892 22
898 443 22
902 661 22
904 544 22
907 361 22
910 364 22
910 861 22
910 888 22
911 908 22
915 914 22
920 740 22
921 743 22
930 384 22
931 906 22
35 581 23
38 584 23
61 607 23
102 648 23
111 657 23
112 658 23
165 711 23
172 718 23
209 755 23
211 757 23
231 777 23
235 781 23
275 821 23
297 843 23
360 906 23
362 908 23
374 920 23
376 922 23
384 930 23
388 390 23
389 801 23
391 388 23
392 717 23
407 692 23
410 690 23
412 413 23
413 734 23
414 415 23
417 732 23
418 922 23
423 424 23
432 599 23
450 451 23
458 468 23
460 459 23
469 470 23
470 817 23
476 707 23
477 476 23
483 480 23
486 535 23
487 681 23
488 405 23
499 500 23
501 636 23
502 501 23
515 514 23
518 517 23
524 525 23
530 529 23
534 515 23
546 527 23
566 20 23
594 593 23
606 60 23
618 72 23
627 484 23
631 571 23
648 650 23
648 653 23
658 661 23
661 658 23
662 449 23
663 117 23
664 662 23
668 666 23
678 677 23
695 411 23
698 152 23
700 410 23
701 155 23
701 702 23
704 538 23
707 475 23
717 392 23
717 715 23
721 720 23
725 179 23
726 180 23
727 729 23
733 735 23
735 189 23
739 193 23
743 741 23
746 750 23
751 205 23
753 756 23
759 757 23
762 422 23
767 221 23
781 780 23
785 786 23
786 240 23
786 781 23
787 786 23
790 792 23
791 789 23
791 790 23
798 796 23
799 798 23
800 254 23
800 808 23
802 803 23
805 799 23
810 809 23
811 816 23
818 820 23
819 469 23
819 817 23
820 830 23
821 826 23
823 828 23
826 828 23
830 832 23
833 823 23
841 842 23
842 651 23
846 847 23
847 301 23
848 844 23
849 859 23
853 307 23
854 907 23
856 846 23
856 855 23
858 848 23
859 849 23
872 460 23
873 327 23
875 878 23
876 877 23
876 879 23
882 879 23
888 910 23
890 863 23
890 891 23
892 886 23
895 889 23
898 900 23
904 906 23
907 908 23
908 517 23
911 365 23
916 915 23
916 917 23
917 916 23
918 917 23
927 381 23
7 553 24
13 559 24
35 581 24
51 597 24
60 606 24
90 636 24
107 653 24
164 710 24
199 745 24
214 760 24
254 800 24
277 823 24
313 859 24
330 876 24
333 879 24
361 907 24
363 909 24
370 916 24
371 917 24
374 920 24
391 388 24
394 393 24
403 404 24
405 404 24
413 730 24
417 926 24
419 418 24
419 739 24
433 432 24
442 898 24
445 446 24
446 858 24
450 449 24
455 456 24
456 457 24
458 468 24
464 463 24
467 855 24
479 480 24
480 479 24
484 629 24
491 559 24
500 499 24
509 667 24
519 521 24
527 543 24
529 531 24
531 529 24
544 515 24
544 904 24
566 567 24
582 660 24
593 595 24
597 599 24
609 611 24
616 433 24
621 618 24
631 571 24
648 649 24
648 650 24
650 453 24
651 650 24
651 827 24
653 107 24
654 662 24
656 579 24
659 658 24
660 902 24
662 667 24
667 669 24
668 666 24
668 669 24
675 129 24
676 675 24
678 677 24
679 133 24
680 611 24
680 679 24
685 690 24
691 681 24
691 692 24
696 734 24
699 701 24
704 158 24
715 717 24
716 717 24
718 603 24
721 723 24
723 177 24
723 719 24
724 178 24
732 417 24
736 698 24
737 735 24
737 736 24
740 739 24
743 745 24
743 922 24
750 204 24
752 747 24
755 745 24
757 746 24
757 800 24
762 216 24
762 753 24
764 218 24
782 787 24
782 918 24
783 789 24
786 781 24
792 246 24
792 784 24
795 787 24
797 796 24
798 796 24
802 803 24
805 259 24
811 816 24
813 473 24
817 470 24
819 273 24
824 834 24
828 826 24
829 468 24
832 459 24
833 823 24
837 838 24
840 294 24
841 295 24
844 839 24
844 843 24
848 302 24
848 843 24
849 853 24
850 304 24
851 850 24
857 311 24
858 446 24
859 860 24
861 854 24
876 879 24
878 332 24
881 880 24
883 882 24
894 348 24
894 910 24
901 893 24
902 513 24
907 854 24
907 910 24
908 907 24
914 793 24
915 369 24
919 373 24
919 783 24
924 378 24
13 559 25
45 591 25
55 601 25
133 679 25
134 680 25
164 710 25
176 722 25
180 726 25
187 733 25
188 734 25
228 774 25
233 779 25
237 783 25
259 805 25
271 817 25
273 819 25
327 873 25
343 889 25
351 897 25
353 899 25
355 901 25
387 933 25
394 601 25
409 539 25
410 409 25
418 922 25
423 764 25
427 428 25
427 779 25
432 431 25
446 859 25
447 448 25
449 662 25
452 451 25
456 834 25
458 459 25
459 845 25
462 461 25
464 463 25
470 822 25
478 477 25
484 629 25
488 487 25
491 559 25
502 632 25
509 510 25
510 658 25
512 670 25
513 512 25
514 513 25
516 517 25
517 516 25
517 518 25
547 621 25
558 560 25
562 559 25
567 499 25
571 572 25
582 579 25
591 45 25
593 595 25
601 603 25
609 63 25
611 65 25
611 680 25
618 434 25
625 79 25
636 632 25
649 825 25
654 452 25
655 109 25
658 112 25
660 114 25
672 674 25
676 130 25
677 687 25
680 679 25
683 684 25
686 140 25
692 691 25
695 411 25
697 809 25
698 152 25
699 538 25
699 701 25
704 539 25
707 473 25
710 806 25
717 171 25
717 716 25
718 716 25
719 173 25
721 715 25
724 722 25
725 721 25
727 726 25
727 731 25
728 724 25
728 729 25
733 732 25
736 734 25
743 922 25
744 743 25
745 755 25
747 741 25
748 742 25
752 743 25
759 213 25
764 765 25
765 760 25
766 220 25
779 427 25
780 785 25
782 783 25
786 794 25
787 786 25
789 783 25
792 784 25
795 249 25
800 808 25
808 800 25
814 813 25
816 471 25
827 281 25
830 468 25
831 285 25
841 843 25
842 844 25
843 297 25
844 298 25
845 299 25
845 875 25
854 852 25
857 885 25
860 314 25
860 859 25
862 863 25
869 818 25
870 871 25
871 868 25
879 880 25
884 889 25
885 892 25
886 892 25
890 896 25
896 350 25
896 890 25
896 895 25
898 443 25
899 442 25
905 670 25
905 906 25
908 912 25
909 363 25
912 366 25
917 916 25
919 784 25
919 924 25
32 578 26
57 603 26
65 611 26
72 618 26
105 651 26
106 652 26
109 655 26
115 661 26
145 691 26
207 753 26
227 773 26
232 778 26
260 806 26
268 814 26
283 829 26
306 852 26
309 855 26
325 871 26
335 881 26
339 885 26
348 894 26
361 907 26
372 918 26
388 391 26
392 717 26
400 398 26
400 609 26
403 398 26
404 405 26
412 413 26
413 730 26
417 926 26
419 420 26
445 885 26
445 886 26
454 838 26
456 836 26
460 875 26
465 881 26
466 467 26
466 855 26
468 458 26
468 469 26
468 830 26
469 470 26
470 822 26
472 813 26
473 707 26
474 538 26
475 473 26
480 481 26
486 691 26
501 636 26
511 522 26
512 661 26
516 515 26
523 522 26
525 452 26
525 652 26
527 543 26
546 526 26
560 553 26
561 558 26
571 572 26
579 647 26
595 617 26
598 599 26
606 607 26
606 675 26
626 80 26
629 633 26
647 524 26
651 827 26
653 648 26
654 452 26
663 449 26
670 519 26
672 722 26
677 687 26
685 686 26
688 683 26
690 144 26
700 410 26
701 699 26
706 474 26
715 714 26
720 721 26
724 178 26
724 728 26
730 728 26
733 737 26
735 737 26
746 200 26
746 748 26
752 754 26
754 208 26
754 421 26
754 749 26
755 209 26
758 760 26
761 757 26
761 760 26
762 764 26
766 220 26
767 766 26
774 765 26
778 232 26
779 427 26
782 787 26
783 784 26
783 788 26
783 789 26
788 790 26
789 791 26
791 787 26
794 248 26
796 800 26
804 805 26
806 710 26
807 803 26
808 584 26
816 471 26
818 272 26
818 869 26
820 818 26
822 821 26
823 833 26
826 825 26
828 827 26
835 289 26
837 827 26
841 842 26
845 846 26
853 860 26
855 309 26
855 878 26
857 856 26
861 860 26
862 465 26
862 889 26
869 323 26
871 325 26
871 870 26
871 874 26
872 871 26
875 845 26
883 464 26
887 341 26
888 910 26
891 896 26
893 901 26
899 896 26
900 354 26
911 908 26
914 793 26
920 374 26
920 921 26
923 377 26
925 379 26
926 417 26
930 518 26
52 598 27
64 610 27
80 626 27
113 659 27
117 663 27
130 676 27
161 707 27
194 740 27
195 741 27
210 756 27
221 767 27
247 793 27
251 797 27
256 802 27
262 808 27
274 820 27
276 822 27
288 834 27
289 835 27
293 839 27
302 848 27
334 880 27
336 882 27
344 890 27
389 914 27
407 406 27
415 416 27
418 923 27
420 751 27
431 432 27
431 597 27
432 431 27
433 432 27
445 886 27
449 448 27
449 663 27
451 452 27
453 450 27
453 841 27
455 456 27
456 836 27
460 872 27
465 862 27
471 815 27
472 813 27
485 489 27
486 480 27
487 535 27
487 681 27
488 680 27
522 511 27
526 546 27
528 526 27
529 528 27
529 530 27
538 474 27
541 902 27
544 904 27
548 2 27
548 547 27
555 625 27
566 500 27
567 562 27
572 576 27
582 660 27
595 617 27
609 63 27
611 609 27
611 610 27
616 599 27
629 633 27
665 849 27
666 510 27
666 521 27
666 668 27
667 662 27
669 664 27
670 124 27
676 130 27
684 674 27
686 730 27
687 689 27
695 696 27
696 150 27
698 696 27
699 153 27
701 155 27
702 814 27
707 473 27
710 584 27
711 807 27
714 715 27
720 714 27
723 719 27
727 731 27
730 184 27
732 416 27
732 417 27
735 414 27
737 735 27
738 746 27
738 920 27
741 743 27
744 745 27
745 743 27
749 750 27
752 420 27
758 212 27
758 763 27
769 770 27
770 224 27
774 773 27
777 767 27
777 778 27
779 427 27
780 785 27
784 783 27
787 791 27
793 801 27
799 805 27
803 802 27
805 804 27
826 280 27
828 827 27
830 872 27
835 455 27
835 836 27
841 295 27
845 459 27
846 836 27
849 853 27
850 851 27
851 849 27
854 861 27
854 907 27
855 466 27
856 846 27
858 312 27
859 313 27
860 852 27
861 888 27
862 466 27
863 856 27
872 830 27
875 329 27
875 874 27
878 877 27
884 464 27
891 345 27
893 347 27
906 908 27
910 911 27
915 369 27
921 739 27
14 560 28
63 609 28
86 632 28
122 668 28
158 704 28
175 721 28
185 731 28
193 739 28
214 760 28
260 806 28
280 826 28
285 831 28
304 850 28
308 854 28
317 863 28
325 871 28
326 872 28
360 906 28
372 918 28
375 921 28
379 925 28
391 388 28
405 406 28
420 421 28
424 423 28
427 428 28
431 597 28
451 450 28
454 838 28
461 460 28
462 927 28
464 463 28
467 466 28
470 469 28
471 815 28
477 476 28
478 477 28
479 480 28
481 482 28
481 483 28
483 481 28
486 535 28
509 667 28
518 930 28
519 520 28
519 521 28
525 524 28
527 543 28
528 526 28
530 529 28
559 13 28
562 16 28
570 24 28
572 576 28
584 394 28
599 53 28
599 597 28
617 619 28
618 434 28
620 621 28
621 618 28
632 628 28
633 503 28
636 501 28
650 651 28
653 652 28
655 650 28
655 663 28
657 525 28
661 658 28
665 663 28
665 849 28
666 668 28
667 509 28
670 902 28
683 684 28
687 689 28
690 688 28
691 481 28
692 682 28
700 699 28
701 813 28
702 700 28
710 164 28
719 717 28
720 714 28
723 721 28
724 722 28
728 684 28
737 191 28
742 740 28
748 750 28
749 203 28
749 758 28
753 756 28
757 746 28
757 759 28
764 765 28
766 767 28
769 760 28
770 769 28
774 765 28
777 231 28
789 243 28
789 783 28
791 245 28
794 786 28
799 798 28
800 792 28
801 389 28
806 260 28
808 806 28
810 264 28
813 472 28
817 271 28
819 469 28
821 822 28
828 826 28
829 834 28
831 845 28
833 287 28
833 834 28
834 829 28
836 290 28
840 847 28
844 298 28
845 831 28
846 300 28
846 835 28
848 843 28
850 304 28
854 852 28
857 858 28
857 885 28
858 446 28
863 856 28
868 869 28
873 327 28
874 875 28
878 881 28
879 882 28
884 338 28
887 888 28
897 351 28
901 900 28
902 670 28
906 908 28
907 854 28
920 919 28
921 375 28
923 418 28
926 380 28
928 382 28
929 383 28
38 584 29
138 684 29
172 718 29
188 734 29
217 763 29
303 849 29
322 868 29
333 879 29
346 892 29
379 925 29
380 926 29
387 933 29
400 609 29
410 700 29
414 731 29
415 414 29
420 751 29
427 428 29
432 599 29
434 618 29
443 442 29
445 446 29
446 445 29
447 848 29
457 831 29
458 457 29
458 467 29
459 460 29
460 459 29
461 874 29
468 829 29
480 481 29
481 482 29
510 509 29
512 511 29
515 534 29
518 912 29
519 670 29
523 545 29
527 526 29
538 704 29
562 492 29
566 20 29
566 559 29
576 578 29
579 656 29
599 598 29
617 619 29
620 74 29
620 616 29
621 620 29
633 503 29
655 663 29
656 658 29
663 117 29
663 841 29
669 123 29
672 674 29
674 128 29
674 672 29
684 683 29
685 411 29
688 690 29
689 408 29
698 696 29
702 697 29
704 539 29
706 160 29
716 717 29
718 172 29
718 722 29
720 721 29
721 727 29
725 729 29
727 721 29
735 414 29
736 190 29
739 741 29
739 921 29
742 738 29
745 743 29
748 742 29
750 746 29
751 205 29
751 420 29
751 753 29
751 755 29
754 749 29
756 755 29
757 746 29
763 765 29
766 756 29
780 781 29
780 785 29
786 787 29
789 783 29
790 244 29
792 800 29
797 791 29
802 256 29
803 257 29
806 260 29
807 803 29
808 262 29
809 810 29
813 814 29
815 638 29
820 818 29
820 819 29
829 468 29
829 819 29
830 468 29
838 833 29
840 847 29
841 663 29
847 857 29
849 447 29
854 905 29
854 907 29
856 863 29
857 847 29
857 858 29
860 888 29
869 868 29
873 462 29
881 880 29
887 893 29
889 884 29
891 896 29
893 894 29
898 442 29
901 900 29
902 541 29
904 358 29
907 908 29
908 362 29
908 517 29
910 911 29
911 518 29
920 738 29
9 555 30
32 578 30
80 626 30
101 647 30
114 660 30
135 681 30
165 711 30
168 714 30
176 722 30
183 729 30
190 736 30
228 774 30
238 784 30
257 803 30
306 852 30
323 869 30
325 871 30
362 908 30
405 488 30
407 406 30
409 538 30
412 413 30
418 923 30
421 420 30
431 428 30
432 599 30
442 929 30
443 897 30
450 508 30
451 450 30
452 654 30
459 832 30
464 465 30
464 884 30
477 478 30
486 691 30
499 500 30
500 570 30
503 504 30
516 906 30
519 520 30
522 523 30
525 652 30
526 541 30
529 528 30
529 531 30
531 532 30
534 933 30
535 486 30
539 409 30
539 704 30
541 582 30
542 527 30
543 534 30
545 524 30
546 526 30
553 7 30
553 560 30
555 9 30
555 625 30
558 491 30
560 553 30
566 500 30
576 578 30
578 524 30
582 541 30
582 581 30
599 432 30
610 611 30
616 620 30
619 552 30
639 640 30
657 656 30
662 667 30
663 449 30
676 130 30
682 406 30
682 488 30
689 408 30
692 146 30
692 407 30
695 411 30
695 700 30
700 410 30
702 700 30
706 704 30
710 164 30
715 169 30
716 717 30
719 723 30
720 726 30
726 720 30
729 725 30
734 413 30
738 740 30
740 739 30
744 743 30
745 743 30
745 744 30
746 792 30
748 202 30
749 747 30
749 754 30
753 751 30
777 424 30
782 783 30
787 795 30
792 800 30
794 248 30
796 790 30
799 253 30
799 797 30
800 757 30
803 257 30
804 805 30
805 259 30
807 261 30
815 638 30
817 818 30
824 834 30
831 836 30
833 455 30
834 456 30
839 847 30
842 844 30
843 665 30
843 848 30
853 852 30
853 860 30
854 852 30
857 858 30
860 852 30
875 878 30
876 879 30
877 461 30
877 880 30
878 875 30
878 881 30
879 882 30
882 336 30
887 859 30
889 895 30
891 890 30
895 896 30
897 892 30
897 899 30
899 891 30
906 516 30
910 861 30
916 915 30
919 920 30
921 375 30
921 743 30
925 390 30
927 462 30
2 548 31
15 561 31
37 583 31
61 607 31
70 616 31
75 621 31
93 639 31
101 647 31
106 652 31
153 699 31
179 725 31
184 730 31
211 757 31
218 764 31
252 798 31
288 834 31
293 839 31
294 840 31
298 844 31
314 860 31
315 861 31
323 869 31
334 880 31
342 888 31
353 899 31
366 912 31
371 917 31
390 389 31
390 925 31
394 584 31
400 398 31
404 680 31
408 694 31
414 415 31
416 726 31
418 921 31
422 423 31
433 616 31
442 899 31
445 444 31
446 445 31
449 662 31
455 835 31
464 465 31
467 845 31
468 458 31
468 829 31
475 473 31
477 478 31
483 539 31
488 682 31
489 630 31
492 561 31
503 504 31
509 659 31
511 522 31
512 670 31
513 512 31
513 902 31
516 903 31
517 516 31
520 519 31
523 522 31
525 524 31
538 409 31
538 474 31
542 527 31
544 903 31
545 523 31
549 3 31
567 562 31
603 672 31
607 676 31
610 611 31
610 679 31
619 552 31
624 626 31
638 642 31
647 524 31
647 579 31
650 453 31
654 451 31
656 579 31
660 114 31
660 582 31
660 902 31
661 902 31
664 669 31
667 509 31
670 902 31
672 126 31
674 672 31
675 676 31
690 144 31
699 700 31
707 473 31
707 476 31
710 164 31
710 584 31
717 715 31
720 721 31
722 718 31
723 719 31
723 721 31
724 674 31
730 728 31
737 735 31
738 192 31
754 763 31
755 209 31
766 422 31
769 223 31
773 774 31
774 769 31
780 234 31
782 236 31
782 787 31
788 790 31
794 786 31
795 787 31
798 804 31
805 799 31
824 278 31
827 828 31
829 457 31
829 468 31
836 831 31
838 828 31
840 454 31
853 852 31
856 863 31
857 856 31
860 853 31
861 907 31
869 820 31
869 868 31
879 333 31
884 338 31
885 445 31
887 341 31
890 891 31
896 350 31
897 443 31
902 660 31
905 514 31
905 854 31
909 363 31
912 518 31
929 383 31
51 597 32
142 688 32
151 697 32
169 715 32
177 723 32
245 791 32
263 809 32
272 818 32
276 822 32
307 853 32
317 863 32
332 878 32
340 886 32
358 904 32
392 393 32
407 692 32
408 694 32
411 685 32
448 665 32
454 455 32
473 813 32
476 477 32
477 478 32
481 691 32
486 480 32
501 500 32
504 505 32
509 510 32
511 522 32
512 661 32
519 670 32
521 670 32
532 531 32
541 526 32
552 550 32
578 524 32
591 45 32
597 599 32
609 63 32
610 64 32
611 680 32
626 485 32
638 642 32
639 93 32
649 103 32
650 651 32
658 661 32
663 655 32
665 448 32
665 663 32
665 849 32
668 669 32
668 850 32
670 854 32
675 606 32
681 487 32
722 723 32
722 724 32
727 721 32
727 729 32
733 187 32
734 188 32
739 921 32
740 920 32
744 922 32
746 748 32
747 748 32
749 750 32
750 204 32
750 749 32
756 210 32
758 749 32
760 761 32
761 757 32
762 753 32
763 762 32
763 765 32
767 777 32
778 777 32
778 779 32
791 797 32
795 799 32
797 799 32
805 259 32
806 260 32
808 806 32
813 701 32
813 814 32
814 813 32
828 827 32
831 285 32
839 847 32
842 841 32
846 835 32
846 836 32
846 856 32
847 839 32
849 303 32
854 670 32
861 315 32
867 321 32
877 880 32
881 465 32
888 342 32
888 861 32
888 894 32
890 344 32
894 910 32
896 350 32
897 899 32
901 355 32
901 900 32
905 854 32
908 911 32
912 518 32
917 918 32
919 784 32
920 921 32
922 418 32
45 591 33
94 640 33
103 649 33
111 657 33
137 683 33
150 696 33
158 704 33
160 706 33
161 707 33
170 716 33
184 730 33
201 747 33
264 810 33
278 824 33
286 832 33
287 833 33
292 838 33
301 847 33
304 850 33
327 873 33
332 878 33
393 716 33
409 538 33
413 734 33
418 921 33
419 739 33
428 431 33
431 597 33
433 432 33
442 899 33
451 452 33
455 835 33
456 836 33
457 829 33
460 872 33
462 876 33
463 928 33
473 474 33
473 707 33
480 481 33
483 480 33
504 505 33
510 666 33
519 520 33
525 452 33
526 527 33
527 543 33
535 486 33
538 704 33
539 409 33
541 526 33
542 902 33
543 527 33
552 550 33
561 15 33
562 16 33
566 20 33
582 581 33
584 710 33
598 620 33
601 603 33
607 61 33
609 400 33
611 403 33
616 433 33
624 555 33
639 640 33
642 641 33
655 650 33
658 656 33
660 656 33
668 669 33
670 521 33
670 854 33
672 674 33
674 684 33
674 724 33
676 675 33
681 691 33
682 406 33
688 683 33
690 685 33
694 693 33
696 150 33
699 700 33
700 154 33
702 701 33
714 168 33
716 717 33
717 392 33
718 603 33
721 175 33
723 722 33
730 731 33
731 185 33
732 733 33
734 736 33
735 733 33
735 734 33
740 739 33
743 752 33
745 744 33
745 755 33
747 201 33
751 755 33
753 207 33
753 756 33
754 208 33
756 766 33
757 746 33
773 774 33
777 767 33
778 779 33
783 918 33
785 793 33
788 242 33
788 783 33
789 243 33
790 791 33
792 788 33
796 798 33
798 804 33
799 805 33
801 389 33
804 805 33
821 275 33
827 837 33
829 283 33
830 820 33
830 872 33
832 872 33
834 829 33
837 838 33
838 837 33
843 841 33
848 847 33
851 305 33
853 852 33
854 852 33
854 905 33
855 309 33
857 885 33
863 890 33
867 870 33
870 867 33
871 874 33
872 326 33
873 462 33
875 329 33
878 332 33
878 875 33
886 892 33
896 890 33
904 358 33
914 785 33
918 783 33
920 374 33
929 442 33
931 385 33
933 534 33
32 578 34
55 601 34
79 625 34
113 659 34
216 762 34
248 794 34
272 818 34
291 837 34
310 856 34
338 884 34
339 885 34
342 888 34
343 889 34
390 389 34
398 397 34
400 398 34
405 406 34
409 538 34
411 695 34
415 733 34
416 732 34
417 416 34
423 424 34
432 431 34
433 434 34
449 662 34
450 453 34
457 456 34
465 466 34
481 480 34
505 506 34
512 670 34
513 905 34
515 932 34
520 519 34
543 534 34
550 551 34
559 491 34
561 560 34
570 500 34
598 52 34
599 432 34
610 64 34
611 680 34
616 70 34
618 72 34
626 624 34
636 501 34
642 641 34
648 649 34
649 103 34
651 649 34
655 109 34
658 659 34
660 582 34
661 902 34
662 664 34
663 841 34
664 448 34
664 849 34
668 850 34
670 905 34
672 126 34
672 674 34
676 607 34
679 681 34
690 144 34
690 688 34
694 693 34
696 734 34
699 538 34
699 701 34
700 702 34
701 155 34
714 168 34
716 170 34
717 715 34
719 723 34
726 720 34
730 413 34
730 728 34
732 186 34
740 739 34
742 196 34
744 198 34
744 745 34
750 204 34
761 759 34
765 774 34
767 766 34
774 228 34
782 783 34
782 787 34
783 782 34
785 780 34
791 245 34
794 802 34
795 803 34
797 795 34
803 257 34
803 805 34
804 258 34
818 869 34
819 820 34
822 824 34
824 469 34
825 649 34
829 834 34
831 285 34
834 824 34
834 833 34
835 455 34
838 828 34
840 839 34
844 848 34
848 847 34
849 851 34
854 308 34
855 309 34
859 313 34
868 869 34
874 871 34
881 335 34
881 465 34
885 857 34
885 863 34
887 893 34
889 343 34
896 891 34
898 443 34
898 893 34
900 354 34
902 542 34
903 544 34
904 358 34
906 905 34
907 861 34
910 861 34
912 518 34
912 909 34
914 793 34
915 914 34
916 370 34
916 917 34
918 372 34
923 377 34
930 384 34
931 906 34
7 553 35
108 654 35
123 669 35
142 688 35
144 690 35
151 697 35
171 717 35
181 727 35
190 736 35
196 742 35
209 755 35
215 761 35
217 763 35
221 767 35
249 795 35
250 796 35
252 798 35
259 805 35
274 820 35
283 829 35
304 850 35
306 852 35
324 870 35
325 871 35
376 922 35
379 925 35
393 716 35
396 397 35
407 406 35
411 695 35
420 421 35
420 752 35
428 431 35
445 886 35
447 446 35
447 848 35
450 449 35
459 832 35
465 464 35
473 474 35
475 473 35
475 706 35
476 475 35
480 479 35
481 691 35
483 481 35
488 405 35
492 561 35
505 506 35
516 517 35
518 911 35
521 511 35
526 546 35
538 704 35
544 904 35
550 551 35
567 21 35
570 24 35
578 32 35
599 597 35
620 598 35
625 79 35
641 646 35
647 657 35
649 825 35
652 525 35
653 655 35
654 659 35
655 653 35
663 117 35
664 849 35
667 509 35
667 669 35
670 902 35
682 136 35
685 139 35
693 703 35
696 150 35
699 153 35
699 701 35
716 170 35
718 716 35
722 672 35
723 722 35
725 724 35
725 729 35
726 180 35
728 684 35
731 414 35
741 195 35
752 420 35
758 749 35
761 759 35
769 774 35
783 788 35
786 781 35
789 788 35
796 797 35
799 795 35
800 792 35
801 389 35
801 793 35
802 256 35
808 262 35
818 820 35
819 820 35
820 869 35
823 833 35
824 278 35
826 280 35
830 284 35
834 833 35
836 835 35
836 846 35
839 840 35
841 295 35
842 296 35
852 860 35
854 850 35
855 466 35
858 857 35
859 860 35
867 870 35
873 327 35
877 880 35
880 877 35
880 881 35
887 886 35
887 893 35
893 898 35
897 891 35
906 905 35
907 854 35
908 912 35
912 908 35
922 418 35
927 381 35
9 555 36
15 561 36
63 609 36
70 616 36
72 618 36
104 650 36
110 656 36
117 663 36
118 664 36
120 666 36
128 674 36
140 686 36
156 702 36
164 710 36
174 720 36
188 734 36
191 737 36
192 738 36
215 761 36
242 788 36
252 798 36
267 813 36
289 835 36
296 842 36
336 882 36
344 890 36
349 895 36
383 929 36
393 716 36
394 601 36
397 396 36
406 407 36
413 414 36
414 415 36
415 414 36
418 419 36
419 418 36
422 762 36
424 777 36
432 433 36
432 599 36
433 616 36
447 848 36
448 449 36
449 450 36
450 508 36
451 654 36
455 454 36
463 464 36
481 483 36
485 628 36
488 682 36
492 491 36
499 567 36
506 507 36
511 512 36
515 932 36
520 519 36
523 545 36
526 528 36
527 546 36
529 530 36
529 531 36
530 529 36
540 583 36
544 903 36
549 3 36
551 563 36
553 7 36
555 625 36
562 559 36
582 36 36
584 808 36
597 599 36
598 599 36
598 616 36
599 53 36
607 61 36
616 618 36
618 548 36
621 75 36
621 620 36
626 624 36
639 640 36
641 646 36
649 651 36
652 653 36
659 113 36
666 510 36
666 521 36
670 905 36
682 487 36
682 488 36
691 481 36
692 407 36
693 703 36
695 411 36
699 700 36
700 699 36
701 702 36
702 697 36
702 814 36
716 170 36
719 715 36
723 721 36
723 725 36
726 416 36
727 181 36
730 731 36
731 729 36
731 730 36
732 733 36
735 414 36
737 191 36
738 742 36
746 750 36
747 752 36
752 206 36
755 751 36
760 765 36
765 760 36
765 763 36
769 770 36
773 424 36
777 424 36
779 778 36
783 237 36
783 782 36
785 793 36
787 241 36
788 783 36
794 248 36
801 802 36
803 807 36
807 711 36
809 697 36
825 826 36
826 280 36
826 825 36
830 468 36
830 832 36
832 286 36
834 824 36
839 293 36
839 844 36
845 875 36
850 854 36
851 853 36
853 852 36
854 308 36
860 859 36
861 854 36
863 317 36
871 325 36
879 876 36
880 877 36
887 859 36
888 910 36
891 896 36
894 893 36
896 899 36
897 892 36
898 352 36
899 353 36
901 355 36
903 543 36
906 931 36
907 361 36
907 854 36
909 912 36
912 366 36
914 389 36
914 793 36
920 919 36
922 744 36
924 378 36
927 462 36
2 548 37
12 558 37
37 583 37
78 624 37
124 670 37
129 675 37
152 698 37
172 718 37
202 748 37
231 777 37
240 786 37
275 821 37
286 832 37
332 878 37
364 910 37
374 920 37
375 921 37
382 928 37
389 914 37
392 391 37
409 539 37
410 411 37
430 429 37
432 431 37
442 929 37
444 443 37
452 451 37
455 454 37
460 875 37
461 877 37
466 467 37
469 824 37
470 817 37
482 481 37
489 630 37
492 561 37
506 507 37
513 902 37
551 563 37
558 560 37
560 14 37
562 16 37
567 566 37
570 500 37
578 579 37
579 33 37
611 609 37
624 555 37
632 502 37
640 639 37
646 645 37
647 579 37
652 452 37
655 653 37
659 658 37
662 654 37
663 841 37
664 669 37
668 122 37
668 669 37
668 850 37
672 722 37
681 679 37
684 138 37
684 683 37
688 690 37
690 688 37
692 146 37
695 149 37
701 699 37
701 702 37
703 705 37
714 168 37
715 719 37
718 603 37
724 725 37
725 723 37
728 729 37
729 731 37
734 736 37
738 746 37
738 784 37
739 740 37
739 741 37
747 749 37
754 421 37
754 763 37
755 745 37
759 750 37
760 761 37
761 760 37
762 422 37
765 763 37
773 774 37
782 236 37
782 917 37
785 780 37
788 789 37
789 788 37
792 246 37
792 788 37
794 786 37
795 794 37
800 796 37
805 799 37
813 472 37
814 702 37
820 274 37
822 276 37
823 277 37
826 828 37
836 831 37
837 839 37
838 837 37
847 848 37
852 854 37
860 852 37
869 872 37
876 462 37
885 857 37
887 888 37
893 347 37
893 898 37
895 349 37
899 896 37
901 355 37
903 543 37
904 906 37
905 514 37
906 904 37
909 906 37
912 908 37
917 918 37
925 379 37
84 630 38
86 632 38
103 649 38
117 663 38
123 669 38
130 676 38
183 729 38
186 732 38
195 741 38
213 759 38
248 794 38
271 817 38
273 819 38
312 858 38
313 859 38
316 862 38
333 879 38
355 901 38
370 916 38
389 801 38
390 388 38
403 398 38
411 695 38
412 413 38
418 419 38
421 420 38
427 779 38
430 429 38
445 446 38
447 446 38
452 525 38
455 833 38
464 465 38
469 470 38
469 824 38
473 472 38
474 706 38
475 473 38
482 481 38
487 488 38
487 681 38
507 578 38
509 510 38
513 512 38
513 902 38
514 515 38
514 903 38
518 911 38
529 528 38
534 543 38
539 409 38
547 1 38
559 13 38
560 553 38
563 564 38
582 660 38
597 778 38
606 403 38
607 61 38
620 598 38
636 90 38
646 645 38
647 101 38
653 107 38
659 658 38
660 661 38
661 660 38
670 521 38
670 854 38
672 603 38
683 137 38
690 410 38
700 410 38
702 701 38
703 705 38
715 391 38
715 719 38
716 393 38
718 719 38
719 717 38
721 720 38
722 723 38
725 729 38
741 195 38
745 199 38
746 748 38
747 752 38
761 770 38
765 219 38
778 429 38
779 777 38
785 239 38
788 783 38
789 788 38
792 784 38
795 803 38
796 800 38
797 799 38
798 800 38
803 802 38
804 806 38
805 804 38
814 809 38
827 828 38
828 282 38
830 284 38
830 832 38
838 292 38
841 453 38
844 843 38
848 847 38
850 304 38
853 852 38
854 850 38
856 863 38
857 858 38
861 888 38
862 466 38
868 869 38
878 875 38
879 882 38
880 881 38
888 861 38
890 863 38
891 897 38
894 888 38
896 890 38
896 895 38
905 907 38
907 361 38
911 908 38
917 782 38
918 372 38
918 782 38
921 418 38
925 379 38
57 603 39
105 651 39
111 657 39
114 660 39
118 664 39
134 680 39
139 685 39
180 726 39
194 740 39
203 749 39
213 759 39
217 763 39
223 769 39
257 803 39
288 834 39
315 861 39
321 867 39
323 869 39
339 885 39
364 910 39
392 391 39
393 392 39
398 397 39
403 611 39
404 403 39
405 488 39
414 731 39
414 735 39
416 415 39
417 732 39
419 420 39
423 767 39
424 423 39
433 434 39
442 443 39
452 451 39
460 872 39
464 465 39
465 862 39
465 881 39
473 813 39
476 477 39
478 479 39
507 578 39
521 511 39
526 546 39
527 546 39
529 530 39
531 529 39
548 2 39
558 12 39
558 491 39
559 491 39
559 566 39
563 564 39
566 20 39
578 524 39
581 35 39
598 620 39
606 60 39
607 676 39
609 63 39
610 611 39
616 620 39
645 578 39
648 102 39
648 653 39
649 651 39
651 105 39
657 659 39
664 118 39
672 126 39
674 684 39
679 610 39
680 488 39
682 136 39
683 685 39
697 809 39
701 155 39
705 635 39
706 475 39
719 718 39
723 722 39
724 722 39
727 721 39
734 696 39
737 191 39
738 784 39
739 740 39
745 743 39
746 750 39
749 203 39
751 755 39
760 758 39
773 424 39
777 424 39
777 779 39
778 777 39
782 917 39
782 918 39
784 783 39
785 914 39
788 789 39
797 799 39
800 808 39
802 256 39
805 803 39
807 261 39
807 711 39
807 805 39
807 806 39
809 263 39
809 697 39
813 267 39
813 473 39
820 830 39
821 822 39
822 470 39
833 455 39
833 834 39
837 839 39
839 847 39
840 294 39
840 454 39
840 847 39
843 665 39
845 459 39
845 467 39
846 847 39
851 850 39
852 853 39
853 851 39
854 907 39
856 855 39
857 847 39
858 848 39
859 446 39
860 861 39
869 323 39
869 818 39
872 460 39
888 887 39
893 894 39
894 888 39
896 895 39
897 891 39
899 891 39
905 513 39
916 780 39
15 561 40
63 609 40
135 681 40
144 690 40
155 701 40
175 721 40
202 748 40
212 758 40
223 769 40
235 781 40
259 805 40
283 829 40
295 841 40
296 842 40
299 845 40
324 870 40
329 875 40
360 906 40
366 912 40
376 922 40
385 931 40
392 391 40
392 717 40
406 405 40
411 410 40
416 732 40
434 433 40
443 442 40
447 848 40
453 454 40
454 455 40
458 459 40
459 460 40
459 845 40
464 884 40
466 465 40
466 855 40
467 845 40
469 468 40
469 470 40
473 474 40
474 701 40
475 707 40
476 475 40
480 479 40
491 558 40
501 636 40
514 513 40
515 514 40
516 903 40
534 543 40
538 409 40
545 523 40
547 548 40
548 618 40
564 565 40
567 566 40
583 37 40
599 598 40
603 57 40
611 403 40
620 621 40
628 82 40
630 489 40
630 626 40
632 628 40
645 578 40
647 657 40
651 842 40
657 647 40
657 656 40
659 654 40
661 512 40
662 116 40
663 449 40
669 664 40
670 512 40
675 129 40
675 404 40
683 688 40
685 683 40
691 481 40
698 697 40
699 538 40
700 695 40
701 155 40
705 635 40
715 391 40
715 721 40
716 718 40
717 392 40
720 726 40
721 175 40
722 718 40
730 686 40
732 733 40
738 784 40
738 920 40
743 921 40
753 762 40
760 765 40
763 754 40
765 763 40
767 766 40
777 779 40
778 777 40
778 779 40
779 777 40
781 235 40
786 240 40
794 802 40
805 803 40
807 261 40
809 697 40
809 810 40
820 274 40
820 818 40
821 822 40
827 825 40
832 286 40
833 455 40
836 290 40
836 831 40
846 847 40
848 302 40
850 852 40
852 850 40
852 860 40
853 860 40
858 446 40
863 856 40
863 862 40
863 885 40
863 890 40
869 820 40
870 324 40
874 873 40
877 876 40
879 333 40
880 877 40
885 339 40
885 445 40
888 894 40
888 910 40
890 863 40
895 896 40
897 443 40
897 891 40
899 897 40
900 898 40
905 359 40
909 517 40
911 910 40
915 916 40
918 783 40
919 924 40
928 382 40
929 442 40
1 547 41
33 579 41
60 606 41
84 630 41
94 640 41
101 647 41
119 665 41
165 711 41
174 720 41
178 724 41
243 789 41
244 790 41
251 797 41
262 808 41
264 810 41
356 902 41
385 931 41
386 932 41
394 601 41
409 539 41
414 735 41
421 422 41
423 422 41
432 599 41
434 618 41
442 899 41
445 885 41
447 849 41
455 454 41
455 456 41
459 460 41
461 460 41
465 464 41
468 830 41
469 824 41
470 817 41
472 473 41
474 473 41
481 480 41
481 482 41
500 501 41
510 509 41
511 512 41
512 513 41
518 911 41
520 519 41
524 545 41
526 528 41
526 546 41
535 486 41
558 12 41
561 558 41
564 565 41
578 579 41
579 656 41
584 38 41
598 616 41
599 598 41
609 400 41
611 610 41
621 547 41
628 82 41
635 634 41
647 101 41
656 110 41
656 658 41
657 111 41
658 510 41
658 659 41
658 661 41
660 656 41
660 661 41
666 521 41
669 667 41
670 902 41
679 133 41
679 610 41
682 136 41
696 695 41
696 698 41
696 734 41
697 151 41
702 700 41
710 164 41
711 165 41
716 170 41
722 672 41
722 724 41
723 177 41
727 729 41
730 413 41
730 728 41
734 736 41
735 189 41
735 733 41
735 734 41
736 190 41
736 734 41
738 784 41
742 196 41
743 419 41
748 746 41
752 754 41
756 210 41
757 759 41
759 758 41
762 216 41
766 767 41
770 769 41
773 227 41
777 778 41
783 784 41
786 787 41
787 791 41
788 783 41
789 791 41
791 797 41
796 790 41
797 795 41
799 797 41
800 254 41
802 794 41
814 268 41
814 813 41
818 272 41
819 273 41
824 834 41
827 651 41
832 830 41
832 872 41
833 287 41
833 823 41
834 456 41
843 848 41
844 839 41
845 459 41
847 846 41
847 857 41
862 466 41
872 460 41
872 832 41
874 328 41
875 874 41
880 334 41
886 445 41
888 860 41
888 861 41
888 887 41
889 884 41
891 899 41
897 899 41
903 357 41
903 514 41
903 544 41
905 513 41
905 906 41
906 360 41
906 931 41
914 389 41
915 914 41
919 918 41
921 375 41
924 919 41
925 379 41
929 442 41
930 384 41
14 560 42
53 599 42
108 654 42
110 656 42
118 664 42
180 726 42
207 753 42
236 782 42
243 789 42
247 793 42
260 806 42
264 810 42
330 876 42
341 887 42
342 888 42
343 889 42
347 893 42
359 905 42
388 390 42
389 801 42
403 611 42
406 682 42
407 406 42
411 695 42
413 412 42
416 417 42
420 752 42
423 422 42
423 764 42
446 447 42
447 448 42
447 849 42
455 456 42
460 875 42
463 928 42
465 464 42
466 465 42
467 845 42
469 470 42
473 813 42
476 707 42
479 478 42
480 486 42
483 480 42
487 682 42
488 680 42
509 508 42
510 509 42
517 909 42
519 670 42
521 666 42
523 545 42
527 526 42
529 528 42
539 483 42
541 582 42
546 527 42
558 491 42
565 569 42
566 20 42
578 32 42
583 37 42
591 45 42
601 603 42
607 606 42
618 616 42
621 618 42
625 555 42
628 485 42
632 86 42
632 636 42
635 634 42
648 653 42
652 653 42
653 652 42
656 657 42
667 669 42
670 521 42
675 404 42
699 153 42
715 169 42
715 717 42
719 715 42
719 717 42
721 723 42
722 176 42
728 182 42
731 727 42
732 186 42
733 737 42
742 741 42
748 750 42
750 748 42
753 421 42
753 751 42
754 763 42
758 749 42
762 216 42
764 218 42
765 760 42
766 756 42
777 779 42
781 917 42
786 781 42
788 242 42
788 792 42
790 788 42
790 791 42
794 795 42
795 803 42
796 250 42
796 790 42
803 807 42
804 806 42
804 808 42
805 259 42
806 260 42
806 710 42
813 473 42
814 268 42
818 817 42
821 823 42
825 826 42
827 837 42
829 457 42
830 872 42
832 459 42
833 838 42
838 454 42
842 844 42
848 843 42
848 844 42
853 307 42
856 310 42
859 887 42
860 859 42
861 907 42
875 329 42
878 881 42
882 336 42
883 882 42
884 338 42
884 881 42
885 892 42
890 863 42
891 890 42
896 891 42
897 891 42
898 900 42
909 517 42
909 906 42
911 365 42
911 910 42
914 368 42
916 780 42
917 782 42
919 924 42
921 743 42
931 906 42
21 567 43
70 616 43
74 620 43
75 621 43
82 628 43
128 674 43
174 720 43
178 724 43
219 765 43
231 777 43
271 817 43
296 842 43
372 918 43
381 927 43
390 925 43
403 404 43
413 734 43
420 752 43
421 422 43
428 429 43
433 434 43
448 664 43
449 448 43
450 508 43
451 655 43
457 458 43
457 831 43
464 463 43
466 465 43
467 466 43
473 472 43
475 707 43
482 481 43
489 485 43
510 666 43
525 524 43
525 657 43
527 542 43
539 483 43
543 534 43
548 2 43
555 625 43
559 566 43
560 14 43
561 492 43
565 569 43
566 567 43
597 431 43
599 597 43
601 55 43
606 60 43
626 630 43
634 637 43
648 649 43
649 648 43
650 453 43
650 648 43
653 655 43
655 109 43
665 843 43
667 669 43
670 124 43
675 676 43
682 406 43
682 692 43
688 683 43
692 146 43
706 704 43
707 161 43
714 720 43
717 716 43
718 719 43
719 173 43
720 714 43
721 725 43
723 177 43
724 674 43
724 728 43
726 416 43
727 721 43
735 189 43
735 737 43
736 698 43
741 195 43
741 747 43
742 741 43
743 752 43
744 198 43
748 742 43
752 754 43
757 746 43
758 760 43
777 779 43
778 232 43
778 597 43
780 914 43
781 917 43
782 787 43
784 238 43
787 241 43
788 792 43
790 244 43
792 784 43
796 797 43
798 252 43
804 806 43
806 807 43
814 809 43
820 819 43
821 823 43
825 279 43
831 845 43
832 459 43
832 830 43
836 835 43
837 827 43
840 835 43
844 298 43
845 875 43
851 850 43
856 310 43
857 847 43
858 446 43
859 313 43
861 854 43
867 868 43
869 818 43
871 868 43
872 871 43
873 462 43
874 871 43
875 845 43
879 880 43
880 881 43
881 880 43
881 884 43
882 336 43
883 464 43
885 339 43
885 445 43
890 891 43
895 349 43
895 889 43
907 861 43
907 908 43
909 363 43
911 365 43
914 915 43
918 917 43
919 373 43
1 547 44
3 549 44
61 607 44
90 636 44
104 650 44
109 655 44
140 686 44
169 715 44
195 741 44
196 742 44
206 752 44
207 753 44
249 795 44
268 814 44
283 829 44
299 845 44
308 854 44
314 860 44
326 872 44
347 893 44
349 895 44
354 900 44
357 903 44
381 927 44
394 393 44
396 397 44
400 398 44
415 733 44
419 743 44
423 424 44
427 428 44
450 453 44
454 453 44
456 455 44
457 829 44
462 461 44
462 873 44
463 464 44
466 862 44
467 845 44
479 480 44
487 535 44
491 492 44
510 511 44
514 903 44
518 912 44
534 543 44
541 582 44
542 903 44
543 903 44
548 618 44
566 500 44
569 573 44
584 394 44
596 50 44
597 778 44
610 679 44
616 433 44
618 72 44
625 79 44
626 624 44
630 626 44
634 637 44
647 657 44
649 103 44
652 653 44
654 451 44
656 657 44
666 668 44
668 666 44
669 667 44
669 851 44
670 519 44
672 722 44
674 128 44
680 134 44
682 692 44
684 728 44
685 686 44
686 730 44
692 407 44
697 695 44
699 700 44
715 391 44
715 721 44
719 173 44
720 726 44
721 725 44
722 723 44
723 721 44
727 181 44
732 186 44
739 419 44
743 741 44
743 745 44
746 200 44
763 217 44
763 754 44
763 758 44
769 223 44
774 765 44
774 769 44
779 233 44
780 916 44
785 914 44
790 792 44
804 258 44
818 820 44
821 826 44
824 822 44
833 838 44
835 836 44
842 841 44
843 665 44
843 844 44
846 847 44
846 856 44
848 844 44
850 304 44
853 851 44
855 467 44
867 321 44
868 322 44
871 872 44
872 869 44
873 874 44
885 863 44
886 340 44
886 445 44
886 892 44
891 345 44
894 893 44
899 442 44
902 670 44
904 544 44
906 905 44
908 906 44
915 914 44
916 917 44
921 743 44
922 376 44
922 744 44
923 418 44
37 583 45
52 598 45
136 682 45
154 700 45
186 732 45
191 737 45
237 783 45
239 785 45
248 794 45
249 795 45
276 822 45
279 825 45
280 826 45
286 832 45
300 846 45
305 851 45
322 868 45
336 882 45
345 891 45
348 894 45
350 896 45
388 802 45
391 392 45
394 584 45
396 397 45
406 407 45
407 692 45
410 700 45
413 414 45
422 762 45
422 766 45
432 433 45
443 898 45
448 664 45
453 650 45
456 455 45
456 834 45
458 468 45
459 845 45
460 461 45
463 464 45
468 829 45
473 813 45
475 473 45
475 707 45
476 477 45
481 483 45
501 502 45
516 903 45
517 518 45
517 908 45
518 930 45
525 657 45
527 526 45
528 529 45
558 12 45
569 573 45
579 647 45
582 579 45
599 616 45
618 434 45
636 90 45
637 644 45
649 648 45
654 451 45
655 109 45
662 116 45
665 448 45
675 676 45
690 410 45
691 681 45
699 700 45
699 701 45
700 699 45
701 813 45
707 475 45
716 170 45
718 719 45
729 183 45
737 735 45
740 194 45
741 747 45
755 209 45
756 766 45
758 749 45
764 762 45
764 773 45
780 234 45
788 789 45
793 785 45
793 801 45
795 787 45
798 799 45
799 253 45
802 794 45
806 710 45
806 804 45
807 806 45
814 268 45
819 829 45
820 274 45
821 823 45
825 649 45
825 827 45
827 837 45
830 820 45
832 286 45
839 293 45
840 454 45
846 300 45
846 835 45
851 849 45
857 847 45
860 853 45
863 890 45
880 334 45
884 881 45
886 858 45
886 892 45
887 341 45
888 910 45
894 910 45
898 442 45
905 359 45
907 905 45
910 894 45
912 909 45
914 780 45
914 915 45
916 370 45
917 371 45
918 372 45
921 739 45
922 743 45
929 383 45
933 534 45
12 558 46
16 562 46
64 610 46
75 621 46
79 625 46
109 655 46
121 667 46
123 669 46
139 685 46
142 688 46
176 722 46
193 739 46
202 748 46
208 754 46
209 755 46
232 778 46
233 779 46
236 782 46
250 796 46
252 798 46
261 807 46
268 814 46
284 830 46
291 837 46
295 841 46
299 845 46
317 863 46
332 878 46
335 881 46
355 901 46
377 923 46
389 801 46
393 392 46
400 609 46
406 405 46
409 410 46
414 735 46
415 416 46
415 727 46
427 779 46
451 450 46
462 873 46
466 862 46
475 476 46
486 535 46
501 500 46
509 508 46
516 515 46
516 903 46
524 578 46
527 546 46
541 902 46
544 515 46
545 524 46
555 9 46
559 566 46
560 558 46
573 577 46
582 36 46
603 601 46
616 618 46
618 616 46
624 555 46
626 80 46
630 489 46
637 644 46
647 657 46
657 659 46
659 654 46
662 116 46
669 123 46
669 851 46
670 124 46
679 680 46
680 488 46
684 138 46
684 674 46
690 144 46
690 688 46
700 154 46
711 807 46
718 719 46
721 720 46
722 176 46
722 724 46
727 415 46
730 686 46
746 200 46
751 420 46
752 743 46
754 752 46
756 755 46
763 765 46
777 424 46
779 427 46
780 916 46
781 917 46
788 242 46
788 792 46
789 243 46
790 796 46
791 787 46
793 785 46
796 798 46
797 796 46
799 253 46
801 793 46
804 258 46
804 798 46
805 803 46
806 804 46
808 806 46
810 264 46
810 698 46
814 702 46
819 817 46
822 821 46
824 822 46
824 823 46
825 826 46
832 830 46
835 840 46
840 835 46
842 837 46
843 844 46
844 843 46
847 301 46
847 857 46
848 843 46
849 859 46
858 848 46
858 886 46
859 887 46
862 466 46
870 871 46
879 876 46
881 884 46
884 464 46
889 343 46
889 884 46
891 345 46
893 347 46
893 898 46
895 349 46
896 899 46
897 891 46
902 356 46
903 514 46
905 854 46
908 912 46
910 364 46
912 366 46
914 389 46
915 369 46
917 918 46
921 418 46
922 743 46
927 381 46
1 547 47
72 618 47
105 651 47
116 662 47
122 668 47
149 695 47
187 733 47
188 734 47
211 757 47
292 838 47
294 840 47
310 856 47
313 859 47
316 862 47
326 872 47
344 890 47
346 892 47
381 927 47
389 801 47
398 400 47
405 404 47
410 700 47
413 730 47
414 415 47
417 926 47
429 430 47
445 444 47
447 448 47
450 451 47
455 454 47
465 466 47
470 817 47
472 473 47
513 905 47
516 903 47
517 518 47
518 911 47
528 529 47
530 523 47
539 409 47
547 548 47
548 547 47
555 9 47
559 566 47
562 567 47
567 499 47
573 577 47
583 540 47
584 38 47
584 710 47
616 433 47
616 618 47
626 80 47
632 636 47
644 643 47
656 657 47
659 113 47
659 654 47
661 660 47
667 121 47
667 662 47
668 669 47
681 691 47
698 696 47
704 706 47
707 161 47
718 716 47
719 723 47
720 174 47
722 672 47
724 674 47
724 722 47
725 724 47
730 413 47
731 185 47
731 414 47
732 733 47
733 415 47
737 736 47
740 738 47
743 744 47
747 748 47
751 753 47
754 208 47
759 758 47
762 763 47
766 220 47
767 423 47
769 774 47
781 780 47
788 783 47
794 786 47
800 792 47
802 794 47
804 808 47
807 806 47
808 804 47
810 809 47
817 470 47
817 819 47
833 834 47
835 289 47
835 846 47
837 827 47
837 842 47
838 837 47
839 844 47
843 297 47
844 848 47
845 299 47
848 847 47
850 852 47
854 905 47
868 869 47
869 820 47
870 324 47
870 867 47
871 874 47
878 875 47
880 877 47
891 890 47
895 896 47
896 891 47
902 542 47
906 516 47
909 363 47
910 894 47
914 785 47
916 917 47
919 783 47
930 518 47
24 570 48
32 578 48
50 596 48
118 664 48
129 675 48
149 695 48
164 710 48
253 799 48
263 809 48
295 841 48
298 844 48
311 857 48
317 863 48
339 885 48
358 904 48
359 905 48
361 907 48
368 914 48
375 921 48
390 925 48
392 391 48
404 403 48
404 675 48
410 690 48
420 752 48
427 779 48
443 442 48
445 886 48
452 654 48
461 460 48
461 462 48
466 467 48
469 819 48
473 813 48
474 701 48
481 691 48
489 485 48
500 501 48
511 512 48
512 511 48
515 516 48
517 909 48
524 647 48
528 529 48
530 523 48
538 474 48
541 526 48
547 621 48
548 618 48
567 562 48
567 566 48
577 578 48
579 33 48
579 578 48
582 581 48
584 710 48
598 52 48
601 394 48
603 57 48
606 403 48
611 65 48
624 626 48
628 485 48
630 84 48
644 643 48
650 104 48
655 451 48
655 653 48
656 658 48
657 659 48
660 656 48
662 654 48
664 849 48
672 674 48
676 675 48
685 411 48
688 690 48
691 486 48
696 150 48
697 702 48
698 697 48
719 173 48
726 727 48
728 182 48
730 413 48
733 735 48
734 413 48
736 737 48
741 739 48
748 742 48
748 747 48
759 750 48
762 763 48
763 765 48
777 778 48
778 597 48
783 918 48
787 786 48
790 788 48
793 247 48
795 794 48
801 802 48
808 804 48
810 698 48
813 472 48
819 273 48
823 833 48
825 279 48
829 283 48
830 832 48
837 842 48
840 835 48
845 875 48
846 845 48
849 447 48
849 665 48
854 670 48
859 860 48
862 465 48
867 868 48
872 869 48
884 889 48
887 886 48
887 888 48
893 901 48
900 898 48
902 660 48
902 670 48
906 904 48
910 907 48
922 418 48
7 553 49
16 562 49
78 624 49
79 625 49
107 653 49
117 663 49
133 679 49
145 691 49
205 751 49
206 752 49
207 753 49
211 757 49
221 767 49
228 774 49
273 819 49
298 844 49
303 849 49
326 872 49
338 884 49
360 906 49
365 911 49
390 925 49
391 715 49
404 405 49
412 411 49
416 732 49
422 423 49
423 764 49
423 767 49
428 427 49
442 899 49
447 446 49
447 849 49
448 664 49
460 461 49
464 883 49
468 829 49
470 469 49
473 475 49
476 477 49
486 535 49
487 682 49
500 570 49
509 667 49
514 905 49
518 930 49
519 521 49
521 519 49
523 545 49
530 523 49
535 487 49
538 699 49
541 526 49
541 902 49
542 527 49
543 903 49
547 1 49
548 618 49
562 492 49
567 499 49
577 578 49
609 611 49
621 618 49
630 626 49
643 578 49
647 524 49
653 648 49
655 650 49
664 849 49
667 666 49
668 666 49
670 519 49
670 854 49
674 672 49
684 728 49
685 683 49
686 685 49
691 486 49
691 681 49
697 698 49
700 410 49
701 474 49
702 156 49
707 475 49
715 721 49
718 172 49
733 187 49
734 188 49
737 733 49
743 419 49
743 751 49
746 738 49
746 748 49
749 203 49
749 747 49
749 758 49
757 211 49
757 800 49
760 765 49
761 757 49
762 753 49
773 764 49
784 738 49
785 793 49
786 794 49
791 790 49
793 247 49
795 794 49
796 250 49
802 794 49
802 803 49
806 804 49
806 807 49
807 711 49
819 273 49
820 819 49
820 869 49
825 827 49
827 825 49
838 292 49
838 454 49
839 844 49
841 843 49
843 844 49
850 304 49
850 668 49
867 870 49
868 867 49
868 869 49
870 324 49
871 325 49
874 328 49
876 330 49
877 878 49
879 882 49
880 879 49
884 881 49
885 339 49
886 858 49
888 887 49
892 886 49
896 895 49
902 661 49
903 542 49
904 544 49
905 907 49
907 910 49
914 389 49
917 918 49
922 418 49
923 377 49
928 382 49
931 906 49
932 515 49
3 549 50
20 566 50
33 579 50
36 582 50
80 626 50
120 666 50
121 667 50
129 675 50
150 696 50
185 731 50
192 738 50
200 746 50
202 748 50
213 759 50
227 773 50
231 777 50
245 791 50
264 810 50
275 821 50
276 822 50
282 828 50
287 833 50
291 837 50
303 849 50
309 855 50
317 863 50
336 882 50
338 884 50
348 894 50
352 898 50
364 910 50
373 919 50
391 715 50
394 393 50
397 396 50
403 606 50
410 411 50
411 410 50
413 730 50
414 415 50
415 414 50
421 420 50
421 753 50
422 421 50
422 762 50
429 430 50
434 618 50
442 898 50
443 444 50
444 445 50
448 447 50
449 448 50
450 453 50
458 457 50
458 467 50
459 458 50
461 877 50
465 464 50
480 486 50
483 539 50
489 485 50
491 492 50
501 500 50
510 658 50
511 522 50
515 514 50
517 909 50
519 668 50
524 545 50
532 531 50
534 515 50
540 583 50
541 902 50
546 527 50
549 547 50
553 7 50
555 624 50
561 492 50
581 582 50
583 37 50
610 679 50
616 598 50
643 578 50
647 579 50
651 827 50
651 842 50
652 653 50
653 648 50
653 652 50
660 661 50
663 841 50
666 667 50
670 519 50
670 905 50
672 603 50
674 684 50
679 680 50
680 611 50
686 140 50
688 142 50
691 692 50
697 698 50
698 696 50
710 584 50
711 165 50
717 715 50
718 172 50
726 416 50
728 684 50
729 727 50
730 686 50
731 729 50
734 188 50
734 735 50
739 193 50
741 747 50
745 199 50
746 200 50
751 743 50
752 420 50
758 749 50
759 761 50
765 764 50
777 767 50
779 778 50
781 917 50
784 238 50
784 783 50
784 792 50
786 794 50
789 788 50
795 249 50
806 808 50
807 803 50
810 809 50
814 268 50
817 470 50
818 817 50
824 469 50
828 282 50
843 844 50
846 836 50
846 845 50
848 447 50
849 664 50
852 306 50
852 853 50
852 854 50
862 466 50
863 317 50
869 868 50
869 872 50
873 327 50
874 328 50
875 878 50
876 879 50
877 461 50
878 881 50
881 878 50
884 889 50
886 340 50
888 887 50
892 886 50
893 898 50
897 892 50
907 861 50
907 905 50
910 907 50
911 908 50
920 738 50
923 418 50
925 379 50
932 386 50
