# Synthetic Temporal Directed Graph
# Generated from: /Users/mehdi/Desktop/Network_Analysis/TSD/data/friedrichshain-center_edges.txt
# source = 201
# target = 190
# deadline = 25
# deadline_note = paper_deadline: L0=2, mult=3, cap_T=50, min_frac=0.5
# max_timestamp = 50
# T (horizon) = 50
# phase1_paths_extracted = 5
# phase1_aligned_runs_range = (4, 6)
# phase1_step = 2
# phase2_noise_k_range = (2, 5)
# u v t
5 96 1
9 47 1
11 142 1
13 220 1
15 157 1
17 160 1
29 39 1
32 1 1
32 2 1
35 41 1
40 84 1
46 95 1
47 9 1
49 47 1
57 144 1
63 64 1
68 69 1
69 72 1
75 70 1
76 79 1
100 16 1
101 111 1
106 107 1
116 8 1
117 119 1
125 126 1
125 221 1
131 132 1
141 27 1
154 155 1
159 161 1
160 159 1
161 32 1
173 14 1
174 159 1
176 175 1
178 182 1
202 201 1
207 201 1
1 31 2
8 114 2
12 94 2
15 183 2
16 99 2
16 100 2
18 29 2
19 136 2
23 57 2
31 1 2
31 216 2
36 37 2
39 49 2
54 23 2
86 120 2
99 16 2
100 106 2
106 100 2
116 114 2
133 132 2
136 19 2
140 9 2
144 57 2
145 55 2
146 144 2
151 153 2
162 160 2
164 14 2
185 183 2
217 137 2
12 127 3
13 128 3
16 100 3
27 24 3
29 9 3
35 41 3
37 2 3
40 84 3
42 50 3
55 145 3
57 55 3
62 82 3
64 67 3
68 13 3
72 80 3
78 96 3
84 83 3
88 91 3
89 90 3
104 16 3
106 107 3
106 118 3
112 105 3
112 130 3
113 8 3
118 109 3
125 92 3
125 126 3
128 13 3
129 123 3
134 11 3
135 134 3
143 145 3
157 154 3
160 17 3
161 32 3
174 159 3
175 41 3
201 7 3
215 216 3
216 84 3
4 70 4
9 29 4
9 39 4
11 134 4
15 183 4
19 136 4
23 223 4
31 216 4
38 39 4
47 18 4
57 23 4
67 185 4
72 13 4
72 80 4
88 17 4
88 89 4
98 108 4
99 16 4
126 127 4
135 134 4
143 134 4
160 159 4
181 176 4
183 184 4
201 7 4
201 208 4
201 210 4
221 121 4
2 216 5
7 179 5
9 47 5
11 134 5
11 142 5
11 144 5
23 57 5
31 2 5
32 1 5
38 162 5
44 24 5
56 54 5
78 96 5
97 133 5
99 110 5
100 99 5
101 144 5
128 13 5
132 97 5
148 147 5
149 151 5
167 164 5
173 167 5
176 175 5
190 188 5
190 206 5
196 87 5
201 7 5
201 208 5
201 210 5
1 31 6
7 179 6
13 68 6
16 104 6
19 136 6
23 54 6
27 42 6
41 33 6
63 64 6
70 4 6
72 80 6
76 10 6
76 79 6
116 114 6
117 110 6
119 86 6
121 120 6
125 92 6
139 19 6
144 146 6
163 38 6
178 182 6
183 184 6
201 7 6
201 208 6
201 210 6
208 66 6
210 190 6
216 83 6
2 32 7
3 44 7
5 96 7
7 179 7
11 145 7
12 126 7
17 159 7
24 28 7
26 27 7
38 36 7
38 162 7
57 144 7
61 44 7
70 4 7
80 79 7
84 85 7
114 120 7
118 109 7
124 127 7
134 132 7
137 136 7
144 11 7
144 142 7
151 15 7
157 15 7
167 166 7
172 170 7
173 167 7
175 41 7
179 214 7
182 181 7
201 7 7
201 208 7
201 210 7
208 66 7
210 190 7
3 62 8
4 70 8
7 179 8
11 144 8
14 173 8
15 184 8
16 100 8
24 28 8
30 18 8
31 1 8
40 34 8
41 40 8
66 65 8
67 185 8
69 68 8
69 72 8
70 71 8
71 61 8
74 10 8
80 81 8
82 75 8
94 12 8
94 53 8
99 8 8
104 16 8
119 117 8
127 124 8
133 132 8
140 219 8
171 165 8
177 178 8
179 214 8
193 6 8
201 7 8
201 200 8
201 210 8
208 66 8
210 190 8
2 37 9
7 179 9
8 113 9
13 128 9
14 164 9
26 27 9
27 24 9
32 1 9
32 31 9
33 32 9
61 3 9
66 65 9
68 77 9
70 71 9
100 99 9
103 16 9
109 115 9
112 105 9
117 119 9
123 95 9
131 132 9
138 139 9
144 142 9
179 214 9
183 154 9
201 21 9
201 200 9
201 210 9
208 66 9
209 190 9
210 190 9
214 194 9
220 128 9
7 179 10
11 145 10
23 223 10
25 26 10
29 30 10
31 40 10
37 31 10
38 36 10
39 9 10
42 43 10
47 18 10
53 46 10
53 127 10
65 51 10
66 65 10
74 10 10
75 76 10
78 5 10
86 191 10
96 5 10
106 118 10
111 98 10
111 101 10
112 105 10
117 109 10
123 79 10
126 12 10
127 12 10
127 94 10
132 135 10
134 11 10
138 19 10
157 184 10
160 163 10
161 1 10
177 176 10
177 178 10
179 214 10
190 188 10
200 22 10
201 21 10
201 200 10
204 186 10
210 190 10
214 194 10
216 218 10
223 23 10
8 113 11
12 92 11
16 103 11
21 190 11
23 54 11
28 57 11
30 18 11
55 54 11
63 64 11
65 51 11
66 65 11
75 4 11
95 129 11
99 114 11
103 99 11
106 118 11
113 8 11
114 8 11
126 125 11
127 12 11
128 13 11
128 127 11
140 9 11
145 146 11
151 153 11
159 161 11
164 168 11
171 224 11
172 170 11
179 214 11
190 206 11
193 6 11
194 198 11
200 22 11
201 21 11
201 200 11
210 190 11
214 194 11
216 83 11
21 190 12
22 190 12
30 36 12
41 33 12
44 3 12
48 29 12
51 45 12
53 127 12
65 51 12
69 111 12
70 4 12
70 75 12
80 81 12
81 74 12
84 216 12
89 90 12
100 16 12
112 130 12
117 109 12
119 116 12
120 121 12
126 127 12
127 126 12
146 145 12
151 153 12
155 156 12
159 17 12
161 32 12
165 166 12
173 167 12
179 214 12
181 176 12
181 182 12
183 15 12
194 198 12
200 22 12
201 21 12
204 186 12
214 194 12
219 215 12
220 128 12
1 32 13
8 116 13
9 29 13
9 39 13
12 126 13
13 220 13
15 157 13
17 89 13
17 160 13
19 139 13
21 190 13
22 190 13
39 49 13
44 3 13
51 45 13
53 127 13
54 23 13
57 23 13
62 61 13
65 51 13
71 24 13
75 70 13
79 10 13
89 88 13
94 12 13
105 107 13
107 102 13
116 114 13
120 86 13
128 127 13
129 123 13
133 132 13
134 143 13
138 19 13
140 9 13
145 143 13
146 144 13
148 149 13
156 158 13
157 154 13
159 160 13
159 161 13
160 159 13
167 164 13
184 15 13
194 198 13
197 193 13
198 195 13
200 22 13
204 184 13
214 194 13
4 82 14
5 96 14
16 100 14
17 89 14
21 190 14
22 190 14
28 57 14
36 37 14
41 40 14
42 3 14
45 187 14
51 45 14
62 82 14
67 185 14
69 68 14
72 80 14
74 70 14
79 68 14
79 80 14
87 86 14
88 213 14
92 12 14
99 110 14
109 117 14
116 8 14
133 132 14
148 149 14
157 184 14
159 17 14
159 174 14
170 171 14
174 159 14
178 182 14
190 206 14
194 198 14
198 195 14
201 205 14
214 194 14
216 218 14
2 216 15
4 82 15
9 39 15
16 99 15
22 190 15
25 26 15
29 39 15
36 38 15
45 187 15
47 18 15
51 45 15
61 44 15
71 61 15
72 13 15
82 75 15
85 84 15
88 89 15
93 125 15
96 97 15
97 96 15
97 133 15
100 99 15
103 16 15
105 107 15
111 98 15
115 112 15
136 19 15
149 151 15
186 189 15
194 198 15
195 199 15
198 195 15
204 184 15
4 70 16
5 78 16
8 116 16
10 74 16
11 144 16
16 103 16
19 26 16
24 27 16
27 42 16
27 141 16
31 40 16
45 187 16
55 222 16
64 67 16
73 69 16
80 81 16
81 74 16
90 67 16
94 12 16
99 100 16
108 74 16
110 99 16
115 112 16
121 120 16
125 221 16
132 97 16
140 219 16
144 57 16
146 145 16
149 151 16
151 152 16
157 15 16
157 154 16
157 184 16
159 174 16
171 165 16
173 14 16
187 190 16
190 206 16
194 198 16
195 199 16
198 195 16
216 84 16
218 215 16
1 159 17
6 193 17
8 116 17
10 79 17
10 80 17
17 160 17
19 138 17
25 26 17
38 39 17
45 187 17
46 62 17
47 18 17
54 25 17
62 3 17
69 68 17
73 5 17
95 129 17
101 144 17
107 102 17
157 184 17
168 172 17
169 150 17
171 224 17
187 190 17
195 199 17
198 195 17
199 192 17
220 68 17
5 73 18
12 126 18
13 220 18
14 165 18
17 160 18
23 223 18
25 23 18
26 19 18
29 9 18
31 1 18
31 216 18
36 38 18
39 18 18
42 3 18
43 47 18
44 24 18
75 4 18
77 78 18
88 91 18
89 90 18
92 12 18
99 100 18
107 106 18
108 74 18
112 105 18
112 115 18
116 8 18
126 12 18
142 11 18
143 145 18
145 55 18
155 156 18
172 169 18
187 190 18
195 199 18
198 195 18
199 192 18
211 209 18
5 73 19
8 99 19
10 80 19
15 184 19
18 39 19
29 39 19
35 180 19
39 9 19
43 47 19
47 48 19
48 29 19
55 222 19
69 72 19
70 75 19
72 13 19
74 70 19
77 78 19
81 74 19
99 8 19
103 16 19
103 99 19
109 117 19
113 103 19
116 110 19
145 55 19
153 157 19
182 181 19
187 190 19
192 58 19
195 199 19
199 192 19
205 204 19
216 84 19
218 215 19
9 140 20
10 79 20
17 89 20
19 138 20
23 25 20
27 24 20
31 40 20
32 38 20
35 180 20
37 2 20
40 84 20
47 48 20
64 88 20
79 68 20
88 91 20
89 88 20
109 106 20
110 117 20
112 105 20
113 103 20
114 8 20
120 86 20
120 116 20
125 92 20
132 97 20
136 138 20
151 153 20
153 157 20
154 155 20
159 1 20
167 166 20
170 171 20
173 14 20
176 174 20
186 189 20
192 58 20
195 199 20
199 192 20
223 23 20
8 114 21
11 144 21
26 19 21
36 38 21
40 34 21
50 63 21
58 59 21
68 77 21
68 220 21
77 5 21
79 10 21
79 68 21
79 80 21
81 74 21
86 119 21
89 17 21
109 115 21
125 126 21
134 132 21
145 146 21
146 144 21
150 153 21
158 147 21
180 177 21
182 212 21
183 15 21
192 58 21
199 192 21
3 61 22
29 18 22
30 36 22
32 31 22
49 50 22
58 59 22
64 88 22
71 4 22
73 5 22
79 123 22
87 86 22
99 16 22
100 16 22
107 100 22
109 115 22
115 109 22
116 110 22
120 86 22
123 79 22
127 94 22
127 126 22
142 11 22
143 134 22
145 55 22
154 155 22
159 17 22
161 32 22
171 172 22
171 224 22
172 169 22
183 15 22
184 183 22
189 14 22
192 58 22
199 192 22
215 216 22
217 137 22
221 121 22
4 71 23
5 77 23
9 29 23
14 165 23
16 99 23
16 100 23
32 31 23
36 37 23
55 145 23
56 54 23
58 59 23
59 60 23
68 220 23
69 111 23
85 34 23
96 5 23
121 125 23
123 79 23
127 124 23
127 220 23
133 132 23
136 138 23
136 140 23
141 136 23
142 11 23
158 147 23
159 17 23
164 168 23
165 14 23
168 169 23
173 167 23
175 41 23
186 204 23
192 58 23
215 217 23
1 159 24
2 37 24
4 71 24
8 113 24
9 140 24
13 72 24
15 151 24
32 38 24
49 50 24
57 55 24
58 59 24
59 60 24
77 5 24
86 120 24
102 112 24
109 115 24
110 117 24
123 95 24
123 124 24
126 12 24
126 125 24
127 220 24
141 136 24
144 11 24
150 153 24
155 156 24
164 14 24
174 176 24
176 175 24
177 176 24
192 58 24
216 218 24
220 128 24
2 37 25
5 78 25
8 116 25
23 223 25
24 27 25
32 38 25
38 162 25
39 18 25
42 43 25
42 50 25
58 59 25
59 60 25
60 20 25
68 69 25
69 72 25
70 4 25
79 10 25
82 4 25
84 83 25
107 102 25
114 120 25
117 119 25
119 86 25
119 116 25
134 143 25
144 142 25
159 1 25
159 174 25
175 41 25
186 189 25
196 87 25
197 193 25
216 2 25
4 75 26
9 39 26
10 74 26
10 79 26
14 189 26
15 183 26
15 184 26
17 89 26
28 57 26
54 55 26
58 59 26
59 60 26
60 20 26
68 13 26
68 77 26
79 123 26
82 75 26
88 213 26
99 114 26
100 106 26
107 106 26
111 69 26
112 115 26
116 110 26
123 124 26
126 127 26
136 19 26
142 11 26
147 148 26
148 147 26
151 152 26
153 157 26
164 14 26
164 168 26
174 176 26
177 178 26
8 114 27
10 80 27
12 94 27
16 103 27
17 159 27
20 190 27
23 54 27
32 2 27
46 95 27
47 48 27
55 222 27
59 60 27
60 20 27
64 88 27
74 70 27
75 76 27
78 96 27
80 81 27
84 85 27
85 84 27
90 67 27
91 160 27
94 53 27
99 100 27
111 98 27
111 101 27
115 112 27
137 136 27
158 149 27
168 172 27
176 174 27
182 212 27
207 201 27
211 209 27
216 2 27
216 218 27
2 216 28
9 47 28
12 127 28
19 136 28
20 190 28
31 216 28
37 31 28
41 33 28
46 62 28
57 55 28
59 60 28
60 20 28
79 123 28
87 86 28
89 88 28
99 110 28
100 99 28
104 116 28
107 100 28
107 106 28
121 125 28
126 127 28
127 126 28
128 127 28
141 136 28
156 158 28
181 182 28
193 6 28
197 193 28
211 209 28
5 77 29
20 190 29
26 19 29
36 37 29
42 43 29
60 20 29
62 82 29
99 8 29
106 107 29
110 117 29
116 8 29
128 127 29
129 123 29
134 143 29
147 148 29
160 163 29
167 164 29
170 171 29
182 212 29
197 193 29
215 217 29
218 215 29
223 23 29
2 32 30
4 75 30
12 94 30
13 68 30
17 88 30
20 190 30
24 28 30
32 31 30
33 32 30
38 162 30
40 84 30
44 24 30
60 20 30
68 69 30
70 71 30
78 5 30
99 114 30
106 100 30
107 106 30
123 79 30
154 155 30
158 149 30
159 160 30
164 168 30
176 174 30
183 154 30
209 190 30
215 217 30
219 215 30
221 121 30
1 161 31
3 42 31
5 73 31
9 29 31
10 76 31
11 145 31
13 68 31
13 220 31
15 184 31
20 190 31
30 36 31
39 9 31
41 40 31
56 54 31
62 3 31
76 10 31
90 67 31
94 53 31
95 129 31
97 96 31
103 16 31
103 99 31
106 100 31
111 98 31
114 8 31
119 116 31
125 92 31
126 125 31
139 19 31
139 141 31
144 146 31
148 147 31
151 153 31
168 169 31
172 169 31
174 159 31
185 183 31
216 84 31
220 13 31
8 113 32
20 190 32
27 42 32
29 39 32
34 35 32
38 36 32
73 69 32
80 10 32
84 216 32
85 84 32
100 16 32
104 116 32
110 99 32
113 8 32
120 86 32
141 27 32
158 147 32
161 1 32
5 78 33
13 128 33
14 164 33
16 99 33
25 23 33
29 30 33
31 216 33
32 1 33
32 2 33
35 41 33
41 40 33
50 63 33
80 79 33
86 119 33
89 17 33
89 90 33
94 12 33
98 108 33
99 110 33
107 102 33
110 99 33
144 57 33
159 160 33
165 14 33
174 159 33
177 176 33
203 207 33
211 209 33
216 218 33
220 13 33
4 75 34
8 116 34
11 142 34
16 103 34
61 44 34
75 123 34
84 216 34
93 125 34
100 107 34
112 115 34
112 130 34
114 8 34
114 120 34
139 19 34
146 145 34
148 147 34
156 158 34
159 160 34
162 160 34
169 150 34
171 165 34
173 14 34
186 204 34
216 2 34
216 83 34
1 159 35
15 157 35
19 26 35
27 42 35
27 141 35
29 39 35
35 180 35
39 49 35
44 24 35
47 9 35
55 145 35
61 3 35
62 82 35
64 88 35
75 4 35
75 70 35
76 10 35
79 10 35
84 85 35
88 213 35
99 110 35
99 114 35
106 118 35
107 106 35
127 124 35
128 127 35
144 57 35
145 146 35
158 149 35
162 160 35
180 177 35
181 182 35
203 207 35
2 32 36
3 42 36
9 47 36
10 76 36
10 79 36
14 173 36
16 104 36
17 159 36
18 30 36
18 39 36
23 25 36
27 24 36
31 2 36
32 38 36
37 2 36
42 43 36
44 3 36
44 42 36
61 3 36
72 80 36
76 10 36
81 74 36
91 160 36
96 97 36
111 101 36
115 112 36
117 109 36
132 135 36
144 57 36
144 142 36
145 11 36
157 15 36
166 167 36
168 169 36
170 171 36
176 175 36
176 177 36
184 204 36
190 188 36
215 216 36
215 217 36
216 84 36
1 161 37
2 31 37
5 73 37
11 134 37
19 139 37
23 57 37
30 18 37
36 37 37
53 52 37
68 220 37
71 4 37
85 34 37
89 17 37
110 99 37
124 123 37
127 126 37
127 220 37
132 97 37
137 136 37
142 101 37
159 1 37
160 17 37
205 204 37
216 2 37
219 215 37
12 126 38
12 127 38
14 164 38
17 159 38
19 26 38
23 54 38
40 84 38
42 3 38
47 48 38
57 23 38
75 123 38
82 4 38
84 83 38
101 111 38
102 112 38
104 16 38
110 117 38
119 86 38
126 12 38
136 140 38
138 139 38
151 152 38
162 160 38
164 168 38
176 177 38
183 154 38
196 87 38
205 204 38
9 39 39
14 189 39
16 99 39
17 88 39
18 39 39
24 27 39
26 27 39
39 18 39
46 95 39
53 46 39
57 23 39
62 82 39
64 67 39
78 5 39
90 67 39
103 99 39
105 107 39
106 100 39
112 115 39
124 123 39
142 101 39
143 145 39
146 145 39
149 151 39
152 170 39
154 155 39
167 164 39
167 186 39
172 170 39
173 167 39
177 178 39
189 14 39
193 6 39
216 83 39
220 68 39
3 42 40
9 47 40
24 28 40
27 141 40
31 1 40
37 31 40
53 52 40
57 144 40
64 67 40
69 111 40
79 10 40
88 213 40
95 46 40
96 97 40
97 73 40
106 118 40
109 106 40
121 125 40
125 92 40
127 124 40
134 11 40
142 11 40
142 101 40
157 154 40
160 159 40
171 165 40
217 137 40
223 23 40
1 32 41
4 70 41
9 140 41
12 126 41
13 68 41
13 128 41
18 29 41
32 31 41
37 2 41
38 39 41
72 13 41
73 5 41
75 76 41
80 79 41
80 81 41
120 121 41
134 11 41
134 132 41
144 142 41
159 1 41
167 186 41
183 15 41
189 173 41
215 217 41
218 215 41
220 13 41
2 216 42
8 99 42
15 157 42
16 104 42
18 39 42
39 18 42
54 55 42
70 75 42
72 13 42
74 70 42
79 123 42
80 79 42
109 115 42
113 103 42
114 8 42
114 120 42
116 114 42
121 120 42
136 138 42
136 140 42
149 151 42
157 184 42
158 149 42
162 160 42
165 166 42
171 172 42
180 177 42
186 189 42
189 173 42
3 62 43
10 76 43
11 144 43
11 145 43
12 92 43
23 25 43
37 2 43
38 39 43
62 61 43
68 220 43
82 4 43
96 97 43
126 127 43
131 132 43
139 141 43
150 153 43
165 14 43
180 177 43
183 15 43
202 201 43
216 83 43
1 31 44
1 32 44
9 29 44
13 72 44
14 173 44
15 183 44
27 24 44
34 35 44
47 9 44
47 48 44
54 23 44
54 55 44
75 4 44
82 75 44
88 213 44
97 73 44
100 99 44
103 16 44
107 100 44
116 114 44
117 109 44
119 117 44
120 116 44
131 132 44
144 11 44
145 146 44
148 147 44
169 150 44
178 182 44
186 204 44
197 193 44
5 73 45
8 114 45
25 26 45
31 40 45
42 3 45
44 42 45
70 4 45
71 24 45
75 4 45
75 123 45
85 84 45
86 191 45
87 86 45
89 17 45
97 133 45
99 16 45
106 107 45
111 101 45
115 109 45
116 110 45
117 110 45
135 134 45
140 9 45
144 146 45
145 146 45
157 15 45
158 147 45
160 163 45
166 167 45
184 183 45
184 204 45
215 216 45
2 31 46
3 44 46
10 80 46
11 142 46
11 145 46
15 183 46
18 47 46
19 26 46
26 27 46
27 42 46
38 162 46
46 62 46
53 52 46
55 54 46
55 145 46
68 77 46
69 72 46
70 75 46
75 70 46
76 10 46
79 68 46
82 75 46
88 17 46
93 125 46
95 46 46
97 73 46
104 116 46
110 99 46
111 69 46
119 86 46
127 94 46
136 140 46
143 145 46
147 148 46
157 154 46
159 161 46
167 186 46
168 172 46
171 224 46
196 87 46
1 32 47
10 79 47
14 189 47
17 160 47
19 136 47
29 18 47
42 43 47
42 50 47
56 54 47
94 12 47
95 129 47
100 107 47
102 112 47
104 16 47
107 100 47
115 112 47
116 8 47
131 132 47
136 140 47
145 143 47
155 156 47
160 163 47
164 14 47
168 169 47
174 176 47
204 203 47
4 75 48
4 82 48
6 193 48
18 39 48
23 57 48
29 18 48
32 38 48
76 79 48
80 10 48
95 46 48
97 96 48
101 144 48
104 116 48
112 115 48
120 86 48
121 120 48
123 124 48
125 221 48
127 126 48
139 141 48
142 101 48
151 15 48
152 170 48
159 17 48
180 177 48
196 87 48
223 23 48
1 159 49
3 44 49
11 134 49
11 142 49
15 151 49
17 159 49
23 223 49
28 57 49
54 23 49
54 25 49
54 55 49
56 54 49
64 88 49
68 69 49
84 83 49
97 96 49
99 8 49
107 100 49
112 130 49
121 125 49
124 127 49
139 141 49
140 219 49
153 157 49
163 38 49
171 165 49
185 183 49
186 189 49
189 14 49
201 205 49
220 13 49
1 31 50
3 61 50
4 70 50
5 96 50
12 94 50
18 30 50
18 47 50
23 57 50
29 30 50
41 33 50
44 3 50
49 47 50
53 52 50
57 23 50
68 13 50
68 220 50
73 69 50
80 79 50
85 34 50
85 84 50
88 91 50
89 90 50
93 125 50
99 8 50
100 106 50
104 116 50
111 101 50
112 130 50
116 110 50
118 109 50
124 123 50
127 12 50
140 219 50
144 11 50
145 11 50
148 149 50
160 17 50
160 159 50
164 14 50
168 169 50
170 171 50
182 181 50
183 154 50
184 15 50
184 204 50
204 203 50
218 215 50
220 128 50
